4.222652354
5.084639162
7.566969182
4.034959484
4.493630413
5.621167298
6.091050442
8.153638137
4.045783061
4.607410755
5.572289554
6.290719849
7.702364291
8.083793356
2.366548191
3.151144158
3.915790025
4.373651291
5.764633129
6.382652241
7.202374633
7.657606113
8.623301053
2.744369398
3.447960187
4.857603141
5.785632552
6.384899865
7.000898058
8.184042607
2.033096525
3.858595421
4.347865139
5.059235172
5.582841084
6.496037466
7.555348897
8.269620762
2.33768532
3.034546189
4.699718829
5.252815912
6.037742221
7.132769512
7.754247505
2.258552083
3.540708719
3.978224769
4.80662675
5.404333033
7.929542813
2.962907195
3.37798586
4.288772685
5.077300376
5.781739692
6.496050421
7.159255213
2.697363595
5.675252796
6.436737738
7.158082821
2.695264948
4.143752301
4.747106794
5.696446538
6.837993834
6.850786512
3.406291683
