1.18456425
1.14131532
1.97968611
1.65435954
2.12691429
2.07499404
1.73860965
2.339103
2.33225097
2.86396761
2.8285575
2.85066315
2.83916799
3.54112089
2.86698681
2.85169323
3.34084359
3.5700264
3.50951919
3.65326197
3.78177222
4.14775809
3.95774607
3.41312346
3.8163576
4.0642428
4.08891921
4.52727708
4.52541117
4.51323558
4.13087943
4.84150143
4.45957152
4.53471408
4.9111617
5.17406409
5.33087601
5.35142766
4.95876849
5.03078196
5.37838956
5.39443461
6.02634096
5.78957796
6.18554493
5.7680595
5.78878764
6.21700677
6.04212294
6.61556004
6.55559895
6.21133578
6.66509823
6.70474854
7.25383002
7.32786813
7.14782391
7.41369999
7.17520317
7.88031846
7.88298468
7.96707828
7.90136073
8.03163255
8.3813769
8.55525174
1.24632909
2.18530584
2.06877582
