945.0941409
934.7797215
927.684314
952.3804356
943.0038242
922.2312663
893.8181782
953.642494
941.5411893
915.7594002
892.9384854
893.1410789
938.1258872
934.1789143
996.1728222
968.9822651
910.2135159
885.4758585
887.5875111
879.2204019
891.4422747
922.245553
915.9165259
998.7604554
916.5379957
878.0062057
870.409318
865.0423586
878.3909736
897.5829437
897.2434002
904.5094851
889.7191056
878.4935293
883.9646566
850.6198449
901.5887507
883.2369757
885.5378148
901.6953273
885.4492998
868.2630282
853.1734118
877.3359033
855.6898629
892.5487487
880.7295645
865.7903096
860.4932931
850.7175023
850.2665414
865.9689722
868.3545197
859.0146767
847.8454946
856.7814241
848.6253091
846.2371268
864.9864379
857.1894956
863.55989
855.6197745
921.2848149
871.6572646
885.2823629
866.9068108
948.3078397
905.7351444
971.4435008
