12.891552385935526 4.75 4.75 3550 -1 -1 
14.108181018949475 4.0 9.0 1800 -1 -1 
20.713122604290902 0.0 8.25 1300 -1 -1 
25.26712864424202 3.25 8.5 1300 -1 -1 
28.63691826916446 7.5 3.5 5300 -1 -1 
31.490689475493507 6.25 8.0 4550 -1 -1 
50.778835781787556 2.5 7.5 2300 -1 -1 
52.68700727827344 7.0 7.0 1300 -1 -1 
101.53404004872846 8.5 8.0 3050 -1 -1 
107.85452017688513 4.75 4.75 3550 -1 -1 
122.35167823697488 8.5 3.0 2300 -1 -1 
255.15461471076514 4.5 4.25 1300 -1 -1 
259.82158407291 4.75 5.5 3050 -1 -1 
297.18884702925317 4.75 4.75 3550 -1 -1 
297.18283852627786 4.818359375 4.59765625 3549.0234375 0.03564087850661897 0.9765625 49 
402.2846914626268 0.25 8.0 800 -1 -1 
468.08807060824427 4.18359375 4.916015625 3259.9609375 0.020194623736842526 0.9765625 130 
478.26745828353216 3.0 2.25 4550 -1 -1 
497.76919776631166 1.25 8.75 2050 -1 -1 
581.7433658968089 8.5 8.0 1050 -1 -1 
589.4094358497908 6.25 6.75 1050 -1 -1 
598.7228323182238 5.0 4.75 3050 -1 -1 
598.7132863140545 5.0 4.75 3050 -1 -1 
600.5499662363189 5.0 4.75 3050 -1 -1 
610.4615084949126 8.0 4.0 1300 -1 -1 
684.1761228288372 5.0 4.765625 3214.0625 0.05283886677773951 7.8125 83 
717.9427666134346 8.0 4.25 5800 -1 -1 
722.6029316613601 5.0 6.0 1050 -1 -1 
744.5970716097847 4.75 4.5 3550 -1 -1 
748.3029997273292 1.25 7.75 1550 -1 -1 
783.1436380144471 5.75 6.25 4300 -1 -1 
783.6993845592849 3.90625 5.15625 2737.5 0.1115327463395281 31.25 37 
784.5668813705773 4.75 5.5 4050 -1 -1 
794.3233122851425 3.25 3.0 5300 -1 -1 
824.6905539635131 6.5 9.25 800 -1 -1 
965.7840630743632 8.75 0.0 2050 -1 -1 
1117.6892827389643 4.5 4.75 3550 -1 -1 
1124.0616430512855 4.75 4.5 3550.0 0.07460884480063809 62.5 34 
1154.8425946621091 4.75 4.75 3050 -1 -1 
1154.7636252649916 5.0 4.75 3550 -1 -1 
1154.6583964989268 5.25 5.5 3550 -1 -1 
1161.3330532315758 2.0 2.75 5050 -1 -1 
1167.0494091878063 5.25 4.5 3300 -1 -1 
1171.8945074187284 5.0 4.5 3550 -1 -1 
1196.6881332615847 4.875 4.5 3550.0 0.0664813773360292 62.5 56 
1478.8112047147108 4.84375 5.640625 3253.125 0.030522462981608392 7.8125 93 
1498.2653886263631 5.5 2.0 4050 -1 -1 
1498.3982069068034 8.5 4.0 1800 -1 -1 
1529.4215982038413 5.5 4.5 3550 -1 -1 
1551.254997861634 7.25 8.5 2300 -1 -1 
1552.9756685073876 5.0 4.75 3050 -1 -1 
1593.3856386850246 5.25 6.5 2300 -1 -1 
1632.763328082498 6.25 3.75 1550 -1 -1 
1642.1538013086501 6.0 4.0 2300 -1 -1 
1836.1834076849727 5.25 5.0 3550 -1 -1 
1883.078405728107 3.25 0.25 5300 -1 -1 
1979.446208173148 8.75 8.75 1550 -1 -1 
2099.781133408723 4.5 1.0 1050 -1 -1 
2152.405891743627 5.0 3.5 4550 -1 -1 
2167.8904032012197 4.978515625 4.6083984375 3259.9609375 0.025979402594155283 0.9765625 79 
2177.1474855425226 4.1806640625 4.9228515625 3236.5234375 0.022365575578026604 0.9765625 100 
2191.6643185026664 5.25 4.5 3550 -1 -1 
2306.698125738321 9.25 3.75 4300 -1 -1 
2370.9353812291456 4.5 4.75 4300 -1 -1 
2370.7710848179468 4.75 5.0 3050 -1 -1 
2377.3120244689235 8.5 8.5 800 -1 -1 
2422.1690947507414 4.984375 4.765625 3253.125 0.03889915221507092 7.8125 64 
2425.0407148420377 8.5 5.5 3800 -1 -1 
2431.7525821190306 5.25 4.5 3300 -1 -1 
2491.5892480955567 4.80859375 4.376953125 3490.4296875 0.03403197040851683 0.9765625 79 
2523.471464731921 4.765625 4.609375 3253.125 0.044816086065715764 7.8125 109 
2665.9893824031174 4.5 8.5 4300 -1 -1 
2669.465648069461 5.0 4.5 3550 -1 -1 
2924.035997758931 7.5 4.0 3800 -1 -1 
3078.7525614144133 4.9921875 4.76953125 3258.984375 0.03941798470553492 1.953125 127 
3125.0190547403345 5.12109375 4.69921875 3491.40625 0.04337379138488756 1.953125 104 
3127.944832566777 4.78515625 4.66796875 3507.03125 0.05015030485038503 3.90625 59 
3171.086842465895 5.0390625 4.765625 3259.9609375 0.022639586590120938 0.9765625 134 
3180.9157418634427 7.75 0.25 2300 -1 -1 
3181.9841462876657 6.0 5.25 5050 -1 -1 
3240.964510242543 0.5 1.75 1300 -1 -1 
3253.989581764221 4.25 8.75 2550 -1 -1 
3257.1414930498167 0.25 9.25 2300 -1 -1 
3295.4501930056354 5.0126953125 4.76953125 3259.9609375 0.020977314001344224 0.9765625 131 
3408.230915199845 5.1455078125 4.7509765625 3259.9609375 0.04146106421446937 0.9765625 47 
3432.0779872191956 4.0 9.0 2800 -1 -1 
3438.071922639083 4.0 6.25 3550 -1 -1 
3438.2155350345847 4.0 6.25 3050 -1 -1 
3439.599329078864 3.75 7.75 1050 -1 -1 
3446.752542362715 5.0 4.75 3550 -1 -1 
3524.800316122748 4.75 7.0 5550 -1 -1 
3553.9699199338183 5.25 4.5 3550 -1 -1 
3563.513435359733 5.0126953125 4.76953125 3236.5234375 0.034298304430770934 0.9765625 126 
