-1 -1 -1 -1 -1 -1 
0 266.0 12.891552385935526 4.75 4.75 3550 
0 3.0 14.108181018949475 4.0 9.0 1800 
-1 -1 -1 -1 -1 -1 
0 6.0 20.713122604290902 0.0 8.25 1300 
0 6.0 25.26712864424202 3.25 8.5 1300 
0 3.0 28.63691826916446 7.5 3.5 5300 
0 3.0 31.490689475493507 6.25 8.0 4550 
-1 -1 -1 -1 -1 -1 
-1 -1 -1 -1 -1 -1 
-1 -1 -1 -1 -1 -1 
-1 -1 -1 -1 -1 -1 
0 5.0 50.778835781787556 2.5 7.5 2300 
0 4.0 52.68700727827344 7.0 7.0 1300 
-1 -1 -1 -1 -1 -1 
-1 -1 -1 -1 -1 -1 
-1 -1 -1 -1 -1 -1 
-1 -1 -1 -1 -1 -1 
-1 -1 -1 -1 -1 -1 
-1 -1 -1 -1 -1 -1 
-1 -1 -1 -1 -1 -1 
-1 -1 -1 -1 -1 -1 
-1 -1 -1 -1 -1 -1 
-1 -1 -1 -1 -1 -1 
-1 -1 -1 -1 -1 -1 
-1 -1 -1 -1 -1 -1 
-1 -1 -1 -1 -1 -1 
-1 -1 -1 -1 -1 -1 
0 3.0 101.53404004872846 8.5 8.0 3050 
0 171.0 107.85452017688513 4.75 4.75 3550 
0 4.0 122.35167823697488 8.5 3.0 2300 
-1 -1 -1 -1 -1 -1 
-1 -1 -1 -1 -1 -1 
-1 -1 -1 -1 -1 -1 
-1 -1 -1 -1 -1 -1 
-1 -1 -1 -1 -1 -1 
-1 -1 -1 -1 -1 -1 
-1 -1 -1 -1 -1 -1 
-1 -1 -1 -1 -1 -1 
-1 -1 -1 -1 -1 -1 
-1 -1 -1 -1 -1 -1 
-1 -1 -1 -1 -1 -1 
-1 -1 -1 -1 -1 -1 
-1 -1 -1 -1 -1 -1 
-1 -1 -1 -1 -1 -1 
-1 -1 -1 -1 -1 -1 
-1 -1 -1 -1 -1 -1 
-1 -1 -1 -1 -1 -1 
-1 -1 -1 -1 -1 -1 
-1 -1 -1 -1 -1 -1 
-1 -1 -1 -1 -1 -1 
-1 -1 -1 -1 -1 -1 
-1 -1 -1 -1 -1 -1 
-1 -1 -1 -1 -1 -1 
-1 -1 -1 -1 -1 -1 
-1 -1 -1 -1 -1 -1 
-1 -1 -1 -1 -1 -1 
-1 -1 -1 -1 -1 -1 
-1 -1 -1 -1 -1 -1 
-1 -1 -1 -1 -1 -1 
-1 -1 -1 -1 -1 -1 
-1 -1 -1 -1 -1 -1 
0 6.0 255.15461471076514 4.5 4.25 1300 
0 116.0 259.82158407291 4.75 5.5 3050 
-1 -1 -1 -1 -1 -1 
-1 -1 -1 -1 -1 -1 
-1 -1 -1 -1 -1 -1 
-1 -1 -1 -1 -1 -1 
-1 -1 -1 -1 -1 -1 
-1 -1 -1 -1 -1 -1 
0 56.0 297.18884702925317 4.75 4.75 3550 
0.9587786259541985 628.0 297.18925348098037 5.0 4.75 3550 
-1 -1 -1 -1 -1 -1 
-1 -1 -1 -1 -1 -1 
-1 -1 -1 -1 -1 -1 
-1 -1 -1 -1 -1 -1 
-1 -1 -1 -1 -1 -1 
-1 -1 -1 -1 -1 -1 
-1 -1 -1 -1 -1 -1 
-1 -1 -1 -1 -1 -1 
-1 -1 -1 -1 -1 -1 
-1 -1 -1 -1 -1 -1 
-1 -1 -1 -1 -1 -1 
-1 -1 -1 -1 -1 -1 
-1 -1 -1 -1 -1 -1 
-1 -1 -1 -1 -1 -1 
-1 -1 -1 -1 -1 -1 
-1 -1 -1 -1 -1 -1 
-1 -1 -1 -1 -1 -1 
-1 -1 -1 -1 -1 -1 
-1 -1 -1 -1 -1 -1 
-1 -1 -1 -1 -1 -1 
-1 -1 -1 -1 -1 -1 
-1 -1 -1 -1 -1 -1 
0 6.0 402.2846914626268 0.25 8.0 800 
-1 -1 -1 -1 -1 -1 
-1 -1 -1 -1 -1 -1 
-1 -1 -1 -1 -1 -1 
-1 -1 -1 -1 -1 -1 
-1 -1 -1 -1 -1 -1 
-1 -1 -1 -1 -1 -1 
-1 -1 -1 -1 -1 -1 
0.9240365337491646 4148.0 468.1079068364756 4.25 5.0 3050 
0 3.0 478.26745828353216 3.0 2.25 4550 
0 3.0 497.76919776631166 1.25 8.75 2050 
-1 -1 -1 -1 -1 -1 
-1 -1 -1 -1 -1 -1 
-1 -1 -1 -1 -1 -1 
-1 -1 -1 -1 -1 -1 
-1 -1 -1 -1 -1 -1 
-1 -1 -1 -1 -1 -1 
-1 -1 -1 -1 -1 -1 
-1 -1 -1 -1 -1 -1 
0 6.0 581.7433658968089 8.5 8.0 1050 
-1 -1 -1 -1 -1 -1 
0 9.0 589.4094358497908 6.25 6.75 1050 
-1 -1 -1 -1 -1 -1 
-1 -1 -1 -1 -1 -1 
0 136.0 598.7228323182238 5.0 4.75 3050 
0 549.0 598.7132863140545 5.0 4.75 3050 
0 243.0 600.5499662363189 5.0 4.75 3050 
-1 -1 -1 -1 -1 -1 
-1 -1 -1 -1 -1 -1 
-1 -1 -1 -1 -1 -1 
0 2.0 610.4615084949126 8.0 4.0 1300 
-1 -1 -1 -1 -1 -1 
-1 -1 -1 -1 -1 -1 
-1 -1 -1 -1 -1 -1 
-1 -1 -1 -1 -1 -1 
-1 -1 -1 -1 -1 -1 
-1 -1 -1 -1 -1 -1 
-1 -1 -1 -1 -1 -1 
-1 -1 -1 -1 -1 -1 
0.9252747252747253 1684.0 684.1910000000107 5.0 4.75 3050 
-1 -1 -1 -1 -1 -1 
-1 -1 -1 -1 -1 -1 
-1 -1 -1 -1 -1 -1 
-1 -1 -1 -1 -1 -1 
-1 -1 -1 -1 -1 -1 
-1 -1 -1 -1 -1 -1 
-1 -1 -1 -1 -1 -1 
-1 -1 -1 -1 -1 -1 
0 4.0 717.9427666134346 8.0 4.25 5800 
0 6.0 722.6029316613601 5.0 6.0 1050 
-1 -1 -1 -1 -1 -1 
-1 -1 -1 -1 -1 -1 
-1 -1 -1 -1 -1 -1 
0 93.0 744.5970716097847 4.75 4.5 3550 
0 2.0 748.3029997273292 1.25 7.75 1550 
-1 -1 -1 -1 -1 -1 
-1 -1 -1 -1 -1 -1 
0 21.0 783.1436380144471 5.75 6.25 4300 
0.7694369973190348 287.0 783.7097319593496 4.25 5.0 3050 
0 4.0 784.5668813705773 4.75 5.5 4050 
-1 -1 -1 -1 -1 -1 
0 10.0 794.3233122851425 3.25 3.0 5300 
-1 -1 -1 -1 -1 -1 
-1 -1 -1 -1 -1 -1 
-1 -1 -1 -1 -1 -1 
-1 -1 -1 -1 -1 -1 
-1 -1 -1 -1 -1 -1 
-1 -1 -1 -1 -1 -1 
-1 -1 -1 -1 -1 -1 
-1 -1 -1 -1 -1 -1 
-1 -1 -1 -1 -1 -1 
0 3.0 824.6905539635131 6.5 9.25 800 
-1 -1 -1 -1 -1 -1 
-1 -1 -1 -1 -1 -1 
-1 -1 -1 -1 -1 -1 
-1 -1 -1 -1 -1 -1 
-1 -1 -1 -1 -1 -1 
-1 -1 -1 -1 -1 -1 
-1 -1 -1 -1 -1 -1 
-1 -1 -1 -1 -1 -1 
-1 -1 -1 -1 -1 -1 
-1 -1 -1 -1 -1 -1 
-1 -1 -1 -1 -1 -1 
-1 -1 -1 -1 -1 -1 
-1 -1 -1 -1 -1 -1 
-1 -1 -1 -1 -1 -1 
-1 -1 -1 -1 -1 -1 
-1 -1 -1 -1 -1 -1 
-1 -1 -1 -1 -1 -1 
-1 -1 -1 -1 -1 -1 
0 3.0 965.7840630743632 8.75 0.0 2050 
-1 -1 -1 -1 -1 -1 
-1 -1 -1 -1 -1 -1 
-1 -1 -1 -1 -1 -1 
-1 -1 -1 -1 -1 -1 
-1 -1 -1 -1 -1 -1 
-1 -1 -1 -1 -1 -1 
-1 -1 -1 -1 -1 -1 
-1 -1 -1 -1 -1 -1 
-1 -1 -1 -1 -1 -1 
-1 -1 -1 -1 -1 -1 
-1 -1 -1 -1 -1 -1 
-1 -1 -1 -1 -1 -1 
-1 -1 -1 -1 -1 -1 
-1 -1 -1 -1 -1 -1 
-1 -1 -1 -1 -1 -1 
-1 -1 -1 -1 -1 -1 
-1 -1 -1 -1 -1 -1 
0 211.0 1117.6892827389643 4.5 4.75 3550 
-1 -1 -1 -1 -1 -1 
0.8271186440677966 244.0 1124.0616430512855 5.0 4.5 3550 
-1 -1 -1 -1 -1 -1 
-1 -1 -1 -1 -1 -1 
-1 -1 -1 -1 -1 -1 
-1 -1 -1 -1 -1 -1 
0 66.0 1154.8425946621091 4.75 4.75 3050 
0 153.0 1154.7636252649916 5.0 4.75 3550 
0 22.0 1154.6583964989268 5.25 5.5 3550 
-1 -1 -1 -1 -1 -1 
0 6.0 1161.3330532315758 2.0 2.75 5050 
-1 -1 -1 -1 -1 -1 
0 3.0 1167.0494091878063 5.25 4.5 3300 
0 256.0 1171.8945074187284 5.0 4.5 3550 
-1 -1 -1 -1 -1 -1 
-1 -1 -1 -1 -1 -1 
-1 -1 -1 -1 -1 -1 
-1 -1 -1 -1 -1 -1 
-1 -1 -1 -1 -1 -1 
0.764512595837897 698.0 1196.6881332615847 4.75 4.5 3550 
-1 -1 -1 -1 -1 -1 
-1 -1 -1 -1 -1 -1 
-1 -1 -1 -1 -1 -1 
-1 -1 -1 -1 -1 -1 
-1 -1 -1 -1 -1 -1 
-1 -1 -1 -1 -1 -1 
-1 -1 -1 -1 -1 -1 
-1 -1 -1 -1 -1 -1 
-1 -1 -1 -1 -1 -1 
-1 -1 -1 -1 -1 -1 
-1 -1 -1 -1 -1 -1 
-1 -1 -1 -1 -1 -1 
-1 -1 -1 -1 -1 -1 
-1 -1 -1 -1 -1 -1 
-1 -1 -1 -1 -1 -1 
-1 -1 -1 -1 -1 -1 
-1 -1 -1 -1 -1 -1 
-1 -1 -1 -1 -1 -1 
-1 -1 -1 -1 -1 -1 
-1 -1 -1 -1 -1 -1 
-1 -1 -1 -1 -1 -1 
-1 -1 -1 -1 -1 -1 
-1 -1 -1 -1 -1 -1 
-1 -1 -1 -1 -1 -1 
-1 -1 -1 -1 -1 -1 
-1 -1 -1 -1 -1 -1 
-1 -1 -1 -1 -1 -1 
-1 -1 -1 -1 -1 -1 
-1 -1 -1 -1 -1 -1 
-1 -1 -1 -1 -1 -1 
-1 -1 -1 -1 -1 -1 
-1 -1 -1 -1 -1 -1 
-1 -1 -1 -1 -1 -1 
-1 -1 -1 -1 -1 -1 
-1 -1 -1 -1 -1 -1 
-1 -1 -1 -1 -1 -1 
-1 -1 -1 -1 -1 -1 
-1 -1 -1 -1 -1 -1 
-1 -1 -1 -1 -1 -1 
-1 -1 -1 -1 -1 -1 
-1 -1 -1 -1 -1 -1 
-1 -1 -1 -1 -1 -1 
-1 -1 -1 -1 -1 -1 
-1 -1 -1 -1 -1 -1 
-1 -1 -1 -1 -1 -1 
0.9161147902869757 2075.0 1478.836 4.75 5.5 3050 
-1 -1 -1 -1 -1 -1 
-1 -1 -1 -1 -1 -1 
-1 -1 -1 -1 -1 -1 
0 6.0 1498.2653886263631 5.5 2.0 4050 
0 6.0 1498.3982069068034 8.5 4.0 1800 
-1 -1 -1 -1 -1 -1 
-1 -1 -1 -1 -1 -1 
-1 -1 -1 -1 -1 -1 
-1 -1 -1 -1 -1 -1 
-1 -1 -1 -1 -1 -1 
-1 -1 -1 -1 -1 -1 
-1 -1 -1 -1 -1 -1 
0 43.0 1529.4215982038413 5.5 4.5 3550 
-1 -1 -1 -1 -1 -1 
-1 -1 -1 -1 -1 -1 
-1 -1 -1 -1 -1 -1 
0 9.0 1551.254997861634 7.25 8.5 2300 
0 39.0 1552.9756685073876 5.0 4.75 3050 
-1 -1 -1 -1 -1 -1 
-1 -1 -1 -1 -1 -1 
-1 -1 -1 -1 -1 -1 
-1 -1 -1 -1 -1 -1 
-1 -1 -1 -1 -1 -1 
0 13.0 1593.3856386850246 5.25 6.5 2300 
-1 -1 -1 -1 -1 -1 
-1 -1 -1 -1 -1 -1 
-1 -1 -1 -1 -1 -1 
-1 -1 -1 -1 -1 -1 
-1 -1 -1 -1 -1 -1 
-1 -1 -1 -1 -1 -1 
-1 -1 -1 -1 -1 -1 
-1 -1 -1 -1 -1 -1 
-1 -1 -1 -1 -1 -1 
-1 -1 -1 -1 -1 -1 
0 5.0 1632.763328082498 6.25 3.75 1550 
-1 -1 -1 -1 -1 -1 
0 3.0 1642.1538013086501 6.0 4.0 2300 
-1 -1 -1 -1 -1 -1 
-1 -1 -1 -1 -1 -1 
-1 -1 -1 -1 -1 -1 
-1 -1 -1 -1 -1 -1 
-1 -1 -1 -1 -1 -1 
-1 -1 -1 -1 -1 -1 
-1 -1 -1 -1 -1 -1 
-1 -1 -1 -1 -1 -1 
-1 -1 -1 -1 -1 -1 
-1 -1 -1 -1 -1 -1 
-1 -1 -1 -1 -1 -1 
-1 -1 -1 -1 -1 -1 
-1 -1 -1 -1 -1 -1 
-1 -1 -1 -1 -1 -1 
-1 -1 -1 -1 -1 -1 
-1 -1 -1 -1 -1 -1 
-1 -1 -1 -1 -1 -1 
-1 -1 -1 -1 -1 -1 
-1 -1 -1 -1 -1 -1 
-1 -1 -1 -1 -1 -1 
-1 -1 -1 -1 -1 -1 
-1 -1 -1 -1 -1 -1 
-1 -1 -1 -1 -1 -1 
-1 -1 -1 -1 -1 -1 
-1 -1 -1 -1 -1 -1 
-1 -1 -1 -1 -1 -1 
-1 -1 -1 -1 -1 -1 
-1 -1 -1 -1 -1 -1 
-1 -1 -1 -1 -1 -1 
-1 -1 -1 -1 -1 -1 
0 104.0 1836.1834076849727 5.25 5.0 3550 
-1 -1 -1 -1 -1 -1 
-1 -1 -1 -1 -1 -1 
-1 -1 -1 -1 -1 -1 
0 3.0 1883.078405728107 3.25 0.25 5300 
-1 -1 -1 -1 -1 -1 
-1 -1 -1 -1 -1 -1 
-1 -1 -1 -1 -1 -1 
-1 -1 -1 -1 -1 -1 
-1 -1 -1 -1 -1 -1 
-1 -1 -1 -1 -1 -1 
-1 -1 -1 -1 -1 -1 
-1 -1 -1 -1 -1 -1 
-1 -1 -1 -1 -1 -1 
-1 -1 -1 -1 -1 -1 
-1 -1 -1 -1 -1 -1 
-1 -1 -1 -1 -1 -1 
-1 -1 -1 -1 -1 -1 
-1 -1 -1 -1 -1 -1 
-1 -1 -1 -1 -1 -1 
-1 -1 -1 -1 -1 -1 
-1 -1 -1 -1 -1 -1 
-1 -1 -1 -1 -1 -1 
0 6.0 1979.446208173148 8.75 8.75 1550 
-1 -1 -1 -1 -1 -1 
-1 -1 -1 -1 -1 -1 
-1 -1 -1 -1 -1 -1 
-1 -1 -1 -1 -1 -1 
-1 -1 -1 -1 -1 -1 
-1 -1 -1 -1 -1 -1 
-1 -1 -1 -1 -1 -1 
-1 -1 -1 -1 -1 -1 
-1 -1 -1 -1 -1 -1 
-1 -1 -1 -1 -1 -1 
-1 -1 -1 -1 -1 -1 
-1 -1 -1 -1 -1 -1 
-1 -1 -1 -1 -1 -1 
-1 -1 -1 -1 -1 -1 
-1 -1 -1 -1 -1 -1 
-1 -1 -1 -1 -1 -1 
-1 -1 -1 -1 -1 -1 
-1 -1 -1 -1 -1 -1 
0 6.0 2099.781133408723 4.5 1.0 1050 
-1 -1 -1 -1 -1 -1 
-1 -1 -1 -1 -1 -1 
-1 -1 -1 -1 -1 -1 
-1 -1 -1 -1 -1 -1 
-1 -1 -1 -1 -1 -1 
-1 -1 -1 -1 -1 -1 
-1 -1 -1 -1 -1 -1 
-1 -1 -1 -1 -1 -1 
-1 -1 -1 -1 -1 -1 
0 15.0 2152.405891743627 5.0 3.5 4550 
0.937799043062201 1568.0 2167.913338840112 5.0 4.75 3050 
0.973343786750294 2483.0 2177.159263303035 4.25 5.0 3050 
-1 -1 -1 -1 -1 -1 
0 164.0 2191.6643185026664 5.25 4.5 3550 
-1 -1 -1 -1 -1 -1 
-1 -1 -1 -1 -1 -1 
-1 -1 -1 -1 -1 -1 
-1 -1 -1 -1 -1 -1 
-1 -1 -1 -1 -1 -1 
-1 -1 -1 -1 -1 -1 
-1 -1 -1 -1 -1 -1 
-1 -1 -1 -1 -1 -1 
-1 -1 -1 -1 -1 -1 
-1 -1 -1 -1 -1 -1 
-1 -1 -1 -1 -1 -1 
-1 -1 -1 -1 -1 -1 
-1 -1 -1 -1 -1 -1 
-1 -1 -1 -1 -1 -1 
-1 -1 -1 -1 -1 -1 
-1 -1 -1 -1 -1 -1 
-1 -1 -1 -1 -1 -1 
-1 -1 -1 -1 -1 -1 
-1 -1 -1 -1 -1 -1 
-1 -1 -1 -1 -1 -1 
-1 -1 -1 -1 -1 -1 
-1 -1 -1 -1 -1 -1 
-1 -1 -1 -1 -1 -1 
0 6.0 2306.698125738321 9.25 3.75 4300 
-1 -1 -1 -1 -1 -1 
-1 -1 -1 -1 -1 -1 
-1 -1 -1 -1 -1 -1 
-1 -1 -1 -1 -1 -1 
-1 -1 -1 -1 -1 -1 
-1 -1 -1 -1 -1 -1 
-1 -1 -1 -1 -1 -1 
-1 -1 -1 -1 -1 -1 
-1 -1 -1 -1 -1 -1 
-1 -1 -1 -1 -1 -1 
0 15.0 2370.9353812291456 4.5 4.75 4300 
0 87.0 2370.7710848179468 4.75 5.0 3050 
-1 -1 -1 -1 -1 -1 
0 6.0 2377.3120244689235 8.5 8.5 800 
-1 -1 -1 -1 -1 -1 
-1 -1 -1 -1 -1 -1 
-1 -1 -1 -1 -1 -1 
0.8968978102189781 983.0 2422.179012864857 5.0 4.75 3050 
0 1.0 2425.0407148420377 8.5 5.5 3800 
-1 -1 -1 -1 -1 -1 
0 49.0 2431.7525821190306 5.25 4.5 3300 
-1 -1 -1 -1 -1 -1 
-1 -1 -1 -1 -1 -1 
-1 -1 -1 -1 -1 -1 
-1 -1 -1 -1 -1 -1 
-1 -1 -1 -1 -1 -1 
-1 -1 -1 -1 -1 -1 
-1 -1 -1 -1 -1 -1 
0.9329573934837093 1489.0 2491.5831386148875 4.75 4.5 3550 
-1 -1 -1 -1 -1 -1 
-1 -1 -1 -1 -1 -1 
0.8936450444517616 2714.0 2523.478903317508 4.75 4.5 3050 
-1 -1 -1 -1 -1 -1 
-1 -1 -1 -1 -1 -1 
-1 -1 -1 -1 -1 -1 
-1 -1 -1 -1 -1 -1 
-1 -1 -1 -1 -1 -1 
-1 -1 -1 -1 -1 -1 
-1 -1 -1 -1 -1 -1 
-1 -1 -1 -1 -1 -1 
-1 -1 -1 -1 -1 -1 
-1 -1 -1 -1 -1 -1 
-1 -1 -1 -1 -1 -1 
-1 -1 -1 -1 -1 -1 
-1 -1 -1 -1 -1 -1 
-1 -1 -1 -1 -1 -1 
-1 -1 -1 -1 -1 -1 
-1 -1 -1 -1 -1 -1 
-1 -1 -1 -1 -1 -1 
-1 -1 -1 -1 -1 -1 
-1 -1 -1 -1 -1 -1 
-1 -1 -1 -1 -1 -1 
-1 -1 -1 -1 -1 -1 
-1 -1 -1 -1 -1 -1 
0 3.0 2665.9893824031174 4.5 8.5 4300 
0 222.0 2669.465648069461 5.0 4.5 3550 
-1 -1 -1 -1 -1 -1 
-1 -1 -1 -1 -1 -1 
-1 -1 -1 -1 -1 -1 
-1 -1 -1 -1 -1 -1 
-1 -1 -1 -1 -1 -1 
-1 -1 -1 -1 -1 -1 
-1 -1 -1 -1 -1 -1 
-1 -1 -1 -1 -1 -1 
-1 -1 -1 -1 -1 -1 
-1 -1 -1 -1 -1 -1 
-1 -1 -1 -1 -1 -1 
-1 -1 -1 -1 -1 -1 
-1 -1 -1 -1 -1 -1 
-1 -1 -1 -1 -1 -1 
-1 -1 -1 -1 -1 -1 
-1 -1 -1 -1 -1 -1 
-1 -1 -1 -1 -1 -1 
-1 -1 -1 -1 -1 -1 
-1 -1 -1 -1 -1 -1 
-1 -1 -1 -1 -1 -1 
-1 -1 -1 -1 -1 -1 
-1 -1 -1 -1 -1 -1 
-1 -1 -1 -1 -1 -1 
-1 -1 -1 -1 -1 -1 
-1 -1 -1 -1 -1 -1 
-1 -1 -1 -1 -1 -1 
-1 -1 -1 -1 -1 -1 
-1 -1 -1 -1 -1 -1 
-1 -1 -1 -1 -1 -1 
-1 -1 -1 -1 -1 -1 
-1 -1 -1 -1 -1 -1 
-1 -1 -1 -1 -1 -1 
-1 -1 -1 -1 -1 -1 
-1 -1 -1 -1 -1 -1 
-1 -1 -1 -1 -1 -1 
-1 -1 -1 -1 -1 -1 
-1 -1 -1 -1 -1 -1 
-1 -1 -1 -1 -1 -1 
-1 -1 -1 -1 -1 -1 
0 27.0 2924.035997758931 7.5 4.0 3800 
-1 -1 -1 -1 -1 -1 
-1 -1 -1 -1 -1 -1 
-1 -1 -1 -1 -1 -1 
-1 -1 -1 -1 -1 -1 
-1 -1 -1 -1 -1 -1 
-1 -1 -1 -1 -1 -1 
-1 -1 -1 -1 -1 -1 
-1 -1 -1 -1 -1 -1 
-1 -1 -1 -1 -1 -1 
-1 -1 -1 -1 -1 -1 
-1 -1 -1 -1 -1 -1 
-1 -1 -1 -1 -1 -1 
-1 -1 -1 -1 -1 -1 
-1 -1 -1 -1 -1 -1 
-1 -1 -1 -1 -1 -1 
-1 -1 -1 -1 -1 -1 
-1 -1 -1 -1 -1 -1 
-1 -1 -1 -1 -1 -1 
-1 -1 -1 -1 -1 -1 
-1 -1 -1 -1 -1 -1 
-1 -1 -1 -1 -1 -1 
-1 -1 -1 -1 -1 -1 
-1 -1 -1 -1 -1 -1 
-1 -1 -1 -1 -1 -1 
-1 -1 -1 -1 -1 -1 
0.9080936128717698 3725.0 3078.76 5.0 4.75 3050 
-1 -1 -1 -1 -1 -1 
-1 -1 -1 -1 -1 -1 
-1 -1 -1 -1 -1 -1 
0.9086538461538461 2457.0 3125.016 5.0 4.75 3550 
0.8757396449704142 888.0 3127.9423887745097 5.0 4.75 3550 
-1 -1 -1 -1 -1 -1 
0.9508340649692713 4332.0 3171.102649460267 5.0 4.75 3050 
0 8.0 3180.9157418634427 7.75 0.25 2300 
0 15.0 3181.9841462876657 6.0 5.25 5050 
-1 -1 -1 -1 -1 -1 
-1 -1 -1 -1 -1 -1 
0 3.0 3240.964510242543 0.5 1.75 1300 
-1 -1 -1 -1 -1 -1 
-1 -1 -1 -1 -1 -1 
-1 -1 -1 -1 -1 -1 
-1 -1 -1 -1 -1 -1 
0 6.0 3253.989581764221 4.25 8.75 2550 
-1 -1 -1 -1 -1 -1 
0 4.0 3257.1414930498167 0.25 9.25 2300 
0.9655647382920111 4206.0 3295.4660000000067 5.0 4.75 3050 
-1 -1 -1 -1 -1 -1 
-1 -1 -1 -1 -1 -1 
-1 -1 -1 -1 -1 -1 
-1 -1 -1 -1 -1 -1 
-1 -1 -1 -1 -1 -1 
-1 -1 -1 -1 -1 -1 
-1 -1 -1 -1 -1 -1 
-1 -1 -1 -1 -1 -1 
-1 -1 -1 -1 -1 -1 
-1 -1 -1 -1 -1 -1 
-1 -1 -1 -1 -1 -1 
-1 -1 -1 -1 -1 -1 
-1 -1 -1 -1 -1 -1 
-1 -1 -1 -1 -1 -1 
0.860738255033557 513.0 3408.2392836086306 5.0 4.75 3050 
0 5.0 3432.0779872191956 4.0 9.0 2800 
-1 -1 -1 -1 -1 -1 
0 6.0 3438.071922639083 4.0 6.25 3550 
0 6.0 3438.2155350345847 4.0 6.25 3050 
0 3.0 3439.599329078864 3.75 7.75 1050 
0 271.0 3446.752542362715 5.0 4.75 3550 
-1 -1 -1 -1 -1 -1 
-1 -1 -1 -1 -1 -1 
-1 -1 -1 -1 -1 -1 
-1 -1 -1 -1 -1 -1 
-1 -1 -1 -1 -1 -1 
-1 -1 -1 -1 -1 -1 
-1 -1 -1 -1 -1 -1 
0 5.0 3524.800316122748 4.75 7.0 5550 
-1 -1 -1 -1 -1 -1 
-1 -1 -1 -1 -1 -1 
-1 -1 -1 -1 -1 -1 
-1 -1 -1 -1 -1 -1 
0 126.0 3553.9699199338183 5.25 4.5 3550 
0.9439484126984127 3806.0 3563.5230435327826 5.0 4.75 3050 
