57.70002871955558 3.5 5.5 5800 -1 -1 
61.97812738873519 9.0 7.75 1050 -1 -1 
108.09909304636128 7.5 3.5 2300 -1 -1 
131.97825768470062 5.0 4.75 2800 -1 -1 
180.548880788821 3.5 1.5 3800 -1 -1 
251.58050263809713 8.25 4.25 1800 -1 -1 
289.4347259649687 8.75 8.5 1800 -1 -1 
306.6047902601151 9.0 6.75 1300 -1 -1 
315.89718248914426 4.5 5.0 3550 -1 -1 
340.1964851848427 2.0 6.0 2050 -1 -1 
356.94163113210914 5.25 4.75 3550.0 0.05071295872848987 62.5 61 
415.25834047297724 7.5 9.0 1050 -1 -1 
431.71396070392643 9.25 7.5 1800 -1 -1 
474.5864456680141 6.5 0.5 5300 -1 -1 
480.58686652137317 7.0 1.75 1800 -1 -1 
548.7388956471958 8.25 4.25 1050 -1 -1 
587.2304039747311 5.234375 4.71875 3253.125 0.028873564917748836 7.8125 58 
611.020947955506 8.0 1.0 3300 -1 -1 
615.6315508827947 5.25 5.0 3050 -1 -1 
651.7431519787067 5.0 0.75 2050 -1 -1 
699.7239394414019 8.0 7.0 1050 -1 -1 
699.2744354607808 8.5 7.5 3050 -1 -1 
717.6925405039716 4.25 3.25 4550 -1 -1 
728.3319210566243 4.5 4.0 6050 -1 -1 
810.141426304182 8.0 8.75 1050 -1 -1 
841.0070699875348 5.0 4.75 3050 -1 -1 
864.1000509186462 5.75 4.75 3550 -1 -1 
869.5969955835191 5.5 5.25 3550 -1 -1 
885.6717648814869 5.8203125 5.06640625 3495.3125 0.07065835010100942 3.90625 70 
887.5664921405794 5.65625 4.94921875 3491.40625 0.09280411686291641 1.953125 59 
898.1744216462363 5.5 4.75 3050 -1 -1 
904.2358192765571 5.75 1.25 6050 -1 -1 
904.7243118870881 7.75 3.0 4550 -1 -1 
939.7761657744779 4.5 6.75 4300 -1 -1 
966.5552597975905 8.75 1.75 1050 -1 -1 
1009.4235865932873 4.0 3.75 5300 -1 -1 
1019.7657401367181 5.765625 5.0625 3503.125 0.0641305897786255 15.625 55 
1084.884 5.75 5.0 3550 -1 -1 
1093.5115420685372 5.25 2.25 5800 -1 -1 
1108.6988112256442 6.0 6.75 3550 -1 -1 
1116.4910688213872 7.25 8.0 800 -1 -1 
1156.9332587387212 9.0 8.0 800 -1 -1 
1191.7792904945065 6.25 9.0 800 -1 -1 
1235.4963751521052 3.5 5.25 2550 -1 -1 
1269.70736479973 8.75 3.75 3300 -1 -1 
1279.2760195962253 9.0 2.25 1050 -1 -1 
1283.2129328318576 5.5 3.5 3050 -1 -1 
1291.5117816036457 5.0 4.5 3550 -1 -1 
1291.5721775026204 5.28515625 4.69140625 3491.40625 0.03228420230993563 1.953125 50 
1421.3891985757234 8.75 8.25 1300 -1 -1 
1443.5627517932364 9.0 8.75 1050 -1 -1 
1487.8192367557476 5.25 5.5 3300 -1 -1 
1500.3827931076376 7.5 8.25 3050 -1 -1 
1506.5031305999269 6.5 4.5 4300 -1 -1 
1512.469397031288 5.5 5.25 3050 -1 -1 
1530.418273330679 5.3125 4.875 3237.5 0.024014926891373113 31.25 114 
1532.734058441359 5.8125 5.0625 3546.09375 0.0458025165330275 3.90625 82 
1606.1595520614426 4.75 5.0 3050 -1 -1 
1609.5248613655654 7.5 5.0 1550 -1 -1 
1617.0104168755254 5.75 5.25 1550 -1 -1 
1708.6574192245303 5.244140625 4.7109375 3491.40625 0.04470632100618715 1.953125 91 
1949.4946017651594 5.75 6.5 800 -1 -1 
1972.134561274728 3.5 8.75 5800 -1 -1 
2043.266762282689 4.0 0.5 4800 -1 -1 
2051.4948116817413 9.25 5.75 6050 -1 -1 
2070.3787728042425 6.25 2.0 1050 -1 -1 
2075.5843807114175 5.412109375 4.927734375 3258.984375 0.037607169780069075 1.953125 93 
2079.691272465995 1.5 7.25 4800 -1 -1 
2088.978448264057 9.0 7.25 4800 -1 -1 
2097.8287761823876 6.0 5.75 3050 -1 -1 
2098.9420597493777 8.5 3.75 800 -1 -1 
2115.417585648467 2.0 7.75 3300 -1 -1 
2129.0168608835584 5.0 4.5 1050 -1 -1 
2223.283469372828 7.75 6.75 5800 -1 -1 
2229.6540957210223 3.25 5.25 3050 -1 -1 
2249.070351572289 6.75 7.5 5300 -1 -1 
2255.137356772822 6.75 3.75 800 -1 -1 
2289.0094821679113 5.75 4.75 1050 -1 -1 
2295.8314960809776 6.25 3.0 4300 -1 -1 
2295.8169341998623 8.25 5.0 2300 -1 -1 
2317.921972205088 1.75 3.0 2050 -1 -1 
2321.5027948008797 2.25 2.25 1300 -1 -1 
2349.9452116327984 3.0 5.75 2050 -1 -1 
2364.2581259000476 5.89453125 4.91796875 3542.1875 0.07597748786848645 3.90625 37 
2415.581866982753 7.75 0.75 2550 -1 -1 
2429.939565399824 5.0 5.25 800 -1 -1 
2541.347136860406 8.25 7.5 3300 -1 -1 
2591.212744808784 0.75 7.0 1550 -1 -1 
2632.2261611598137 9.0 4.75 3800 -1 -1 
2650.552806652404 4.75 8.75 800 -1 -1 
2663.157924097841 5.5 5.5 3550 -1 -1 
2663.3868135937514 5.1494140625 4.7724609375 3174.0234375 0.02113435629080854 0.9765625 68 
2742.677355670206 6.75 4.0 2050 -1 -1 
2780.824023620347 5.75 5.0 3550 -1 -1 
2784.8282160265426 5.921875 4.9453125 3491.40625 0.07348722481926463 3.90625 41 
2798.4282921791446 6.75 1.75 5050 -1 -1 
2799.228235354482 7.75 4.75 2800 -1 -1 
2817.8259787189772 5.5 5.0 2550 -1 -1 
2817.7500522387645 5.75 5.0 3550 -1 -1 
2818.1356729721474 2.0 0.75 2300 -1 -1 
2824.003107818903 9.0 8.0 800 -1 -1 
2892.408821163347 5.75 6.0 4550 -1 -1 
2905.4170020477122 6.0 1.25 6050 -1 -1 
2953.5165892695486 5.146484375 4.748046875 3258.984375 0.054835308154292724 1.953125 82 
2963.94373863665 5.5 3.25 4300 -1 -1 
3040.1099774452614 5.34375 4.59375 3581.25 0.10092529115421538 3.90625 66 
3053.2011412596994 8.75 8.5 6050 -1 -1 
3073.3337004782506 5.75 5.0 3550 -1 -1 
3080.491683514523 6.25 6.0 2550 -1 -1 
3094.0782876662297 5.5 5.5 3550 -1 -1 
3094.053963109077 6.0 5.0 3550 -1 -1 
3095.64511404638 6.0 5.0 3550 -1 -1 
3145.689437002534 6.25 0.25 5550 -1 -1 
3180.172899713581 2.25 9.25 2300 -1 -1 
3212.116826862763 6.0 5.25 3300 -1 -1 
3287.8368872110914 2.25 6.0 2050 -1 -1 
3305.5413672037334 4.25 3.0 2550 -1 -1 
3352.717629000793 5.7578125 5.0390625 3538.28125 0.0446746894657537 3.90625 62 
3400.2179284192716 5.5 3.0 2550 -1 -1 
3439.096 5.5 4.875 3550.0 0.040309788876884294 62.5 88 
3496.479641725122 5.25 4.75 3050 -1 -1 
3542.3697968415327 5.5 3.25 800 -1 -1 
3549.747924635113 3.75 5.0 3800 -1 -1 
3550.0513362770516 5.25 3.25 3050 -1 -1 
3550.9825161380204 6.0 4.25 800 -1 -1 
3580.747713796358 5.5 3.0 1050 -1 -1 
