-1 -1 -1 -1 -1 -1 
-1 -1 -1 -1 -1 -1 
-1 -1 -1 -1 -1 -1 
-1 -1 -1 -1 -1 -1 
-1 -1 -1 -1 -1 -1 
-1 -1 -1 -1 -1 -1 
0 3.0 57.70002871955558 3.5 5.5 5800 
0 8.0 61.97812738873519 9.0 7.75 1050 
-1 -1 -1 -1 -1 -1 
-1 -1 -1 -1 -1 -1 
-1 -1 -1 -1 -1 -1 
-1 -1 -1 -1 -1 -1 
-1 -1 -1 -1 -1 -1 
-1 -1 -1 -1 -1 -1 
-1 -1 -1 -1 -1 -1 
0 3.0 108.09909304636128 7.5 3.5 2300 
-1 -1 -1 -1 -1 -1 
-1 -1 -1 -1 -1 -1 
-1 -1 -1 -1 -1 -1 
-1 -1 -1 -1 -1 -1 
0 27.0 131.97825768470062 5.0 4.75 2800 
-1 -1 -1 -1 -1 -1 
-1 -1 -1 -1 -1 -1 
-1 -1 -1 -1 -1 -1 
-1 -1 -1 -1 -1 -1 
-1 -1 -1 -1 -1 -1 
0 3.0 180.548880788821 3.5 1.5 3800 
-1 -1 -1 -1 -1 -1 
-1 -1 -1 -1 -1 -1 
-1 -1 -1 -1 -1 -1 
-1 -1 -1 -1 -1 -1 
-1 -1 -1 -1 -1 -1 
-1 -1 -1 -1 -1 -1 
-1 -1 -1 -1 -1 -1 
-1 -1 -1 -1 -1 -1 
-1 -1 -1 -1 -1 -1 
-1 -1 -1 -1 -1 -1 
-1 -1 -1 -1 -1 -1 
-1 -1 -1 -1 -1 -1 
-1 -1 -1 -1 -1 -1 
0 2.0 251.58050263809713 8.25 4.25 1800 
-1 -1 -1 -1 -1 -1 
-1 -1 -1 -1 -1 -1 
-1 -1 -1 -1 -1 -1 
-1 -1 -1 -1 -1 -1 
-1 -1 -1 -1 -1 -1 
-1 -1 -1 -1 -1 -1 
0 6.0 289.4347259649687 8.75 8.5 1800 
-1 -1 -1 -1 -1 -1 
-1 -1 -1 -1 -1 -1 
0 7.0 306.6047902601151 9.0 6.75 1300 
0 1.0 315.89718248914426 4.5 5.0 3550 
0 6.0 340.1964851848427 2.0 6.0 2050 
-1 -1 -1 -1 -1 -1 
-1 -1 -1 -1 -1 -1 
-1 -1 -1 -1 -1 -1 
0.8882575757575758 938.0 356.94163113210914 5.25 4.75 3550 
-1 -1 -1 -1 -1 -1 
-1 -1 -1 -1 -1 -1 
-1 -1 -1 -1 -1 -1 
-1 -1 -1 -1 -1 -1 
-1 -1 -1 -1 -1 -1 
-1 -1 -1 -1 -1 -1 
-1 -1 -1 -1 -1 -1 
-1 -1 -1 -1 -1 -1 
0 8.0 415.25834047297724 7.5 9.0 1050 
-1 -1 -1 -1 -1 -1 
0 7.0 431.71396070392643 9.25 7.5 1800 
-1 -1 -1 -1 -1 -1 
-1 -1 -1 -1 -1 -1 
-1 -1 -1 -1 -1 -1 
-1 -1 -1 -1 -1 -1 
0 6.0 474.5864456680141 6.5 0.5 5300 
-1 -1 -1 -1 -1 -1 
0 6.0 480.58686652137317 7.0 1.75 1800 
-1 -1 -1 -1 -1 -1 
-1 -1 -1 -1 -1 -1 
-1 -1 -1 -1 -1 -1 
-1 -1 -1 -1 -1 -1 
-1 -1 -1 -1 -1 -1 
-1 -1 -1 -1 -1 -1 
-1 -1 -1 -1 -1 -1 
-1 -1 -1 -1 -1 -1 
-1 -1 -1 -1 -1 -1 
-1 -1 -1 -1 -1 -1 
-1 -1 -1 -1 -1 -1 
0 3.0 548.7388956471958 8.25 4.25 1050 
-1 -1 -1 -1 -1 -1 
-1 -1 -1 -1 -1 -1 
-1 -1 -1 -1 -1 -1 
-1 -1 -1 -1 -1 -1 
-1 -1 -1 -1 -1 -1 
-1 -1 -1 -1 -1 -1 
-1 -1 -1 -1 -1 -1 
0.9385665529010239 825.0 587.2403220888467 5.25 4.75 3050 
-1 -1 -1 -1 -1 -1 
0 5.0 611.020947955506 8.0 1.0 3300 
0 351.0 615.6315508827947 5.25 5.0 3050 
-1 -1 -1 -1 -1 -1 
-1 -1 -1 -1 -1 -1 
-1 -1 -1 -1 -1 -1 
-1 -1 -1 -1 -1 -1 
0 5.0 651.7431519787067 5.0 0.75 2050 
-1 -1 -1 -1 -1 -1 
-1 -1 -1 -1 -1 -1 
-1 -1 -1 -1 -1 -1 
-1 -1 -1 -1 -1 -1 
0 6.0 699.7239394414019 8.0 7.0 1050 
0 15.0 699.2744354607808 8.5 7.5 3050 
-1 -1 -1 -1 -1 -1 
-1 -1 -1 -1 -1 -1 
0 6.0 717.6925405039716 4.25 3.25 4550 
-1 -1 -1 -1 -1 -1 
0 5.0 728.3319210566243 4.5 4.0 6050 
-1 -1 -1 -1 -1 -1 
-1 -1 -1 -1 -1 -1 
-1 -1 -1 -1 -1 -1 
-1 -1 -1 -1 -1 -1 
-1 -1 -1 -1 -1 -1 
-1 -1 -1 -1 -1 -1 
-1 -1 -1 -1 -1 -1 
-1 -1 -1 -1 -1 -1 
-1 -1 -1 -1 -1 -1 
-1 -1 -1 -1 -1 -1 
-1 -1 -1 -1 -1 -1 
0 5.0 810.141426304182 8.0 8.75 1050 
-1 -1 -1 -1 -1 -1 
-1 -1 -1 -1 -1 -1 
-1 -1 -1 -1 -1 -1 
-1 -1 -1 -1 -1 -1 
-1 -1 -1 -1 -1 -1 
-1 -1 -1 -1 -1 -1 
0 243.0 841.0070699875348 5.0 4.75 3050 
-1 -1 -1 -1 -1 -1 
-1 -1 -1 -1 -1 -1 
-1 -1 -1 -1 -1 -1 
-1 -1 -1 -1 -1 -1 
-1 -1 -1 -1 -1 -1 
0 10.0 864.1000509186462 5.75 4.75 3550 
0 105.0 869.5969955835191 5.5 5.25 3550 
0.8272058823529411 1125.0 885.6497707510781 5.75 5.0 3550 
0.7928496319663512 754.0 887.5524403350405 5.75 5.0 3550 
0 51.0 898.1744216462363 5.5 4.75 3050 
0 8.0 904.2358192765571 5.75 1.25 6050 
0 7.0 904.7243118870881 7.75 3.0 4550 
-1 -1 -1 -1 -1 -1 
-1 -1 -1 -1 -1 -1 
-1 -1 -1 -1 -1 -1 
-1 -1 -1 -1 -1 -1 
-1 -1 -1 -1 -1 -1 
-1 -1 -1 -1 -1 -1 
-1 -1 -1 -1 -1 -1 
-1 -1 -1 -1 -1 -1 
-1 -1 -1 -1 -1 -1 
0 6.0 939.7761657744779 4.5 6.75 4300 
-1 -1 -1 -1 -1 -1 
-1 -1 -1 -1 -1 -1 
-1 -1 -1 -1 -1 -1 
-1 -1 -1 -1 -1 -1 
0 4.0 966.5552597975905 8.75 1.75 1050 
-1 -1 -1 -1 -1 -1 
-1 -1 -1 -1 -1 -1 
-1 -1 -1 -1 -1 -1 
-1 -1 -1 -1 -1 -1 
-1 -1 -1 -1 -1 -1 
-1 -1 -1 -1 -1 -1 
-1 -1 -1 -1 -1 -1 
-1 -1 -1 -1 -1 -1 
-1 -1 -1 -1 -1 -1 
-1 -1 -1 -1 -1 -1 
0 6.0 1009.4235865932873 4.0 3.75 5300 
-1 -1 -1 -1 -1 -1 
0.8808353808353808 717.0 1019.7510773831124 5.75 5.0 3550 
-1 -1 -1 -1 -1 -1 
-1 -1 -1 -1 -1 -1 
-1 -1 -1 -1 -1 -1 
-1 -1 -1 -1 -1 -1 
-1 -1 -1 -1 -1 -1 
-1 -1 -1 -1 -1 -1 
-1 -1 -1 -1 -1 -1 
-1 -1 -1 -1 -1 -1 
-1 -1 -1 -1 -1 -1 
0 544.0 1084.884 5.75 5.0 3550 
-1 -1 -1 -1 -1 -1 
-1 -1 -1 -1 -1 -1 
-1 -1 -1 -1 -1 -1 
0 2.0 1093.5115420685372 5.25 2.25 5800 
-1 -1 -1 -1 -1 -1 
0 3.0 1108.6988112256442 6.0 6.75 3550 
0 6.0 1116.4910688213872 7.25 8.0 800 
-1 -1 -1 -1 -1 -1 
-1 -1 -1 -1 -1 -1 
-1 -1 -1 -1 -1 -1 
-1 -1 -1 -1 -1 -1 
-1 -1 -1 -1 -1 -1 
-1 -1 -1 -1 -1 -1 
-1 -1 -1 -1 -1 -1 
0 3.0 1156.9332587387212 9.0 8.0 800 
-1 -1 -1 -1 -1 -1 
-1 -1 -1 -1 -1 -1 
-1 -1 -1 -1 -1 -1 
-1 -1 -1 -1 -1 -1 
0 3.0 1191.7792904945065 6.25 9.0 800 
-1 -1 -1 -1 -1 -1 
-1 -1 -1 -1 -1 -1 
-1 -1 -1 -1 -1 -1 
-1 -1 -1 -1 -1 -1 
-1 -1 -1 -1 -1 -1 
-1 -1 -1 -1 -1 -1 
0 9.0 1235.4963751521052 3.5 5.25 2550 
-1 -1 -1 -1 -1 -1 
-1 -1 -1 -1 -1 -1 
-1 -1 -1 -1 -1 -1 
-1 -1 -1 -1 -1 -1 
-1 -1 -1 -1 -1 -1 
-1 -1 -1 -1 -1 -1 
-1 -1 -1 -1 -1 -1 
0 3.0 1269.70736479973 8.75 3.75 3300 
-1 -1 -1 -1 -1 -1 
-1 -1 -1 -1 -1 -1 
0 3.0 1279.2760195962253 9.0 2.25 1050 
0 3.0 1283.2129328318576 5.5 3.5 3050 
0 130.0 1291.5117816036457 5.0 4.5 3550 
0.9402332361516035 645.0 1291.5703446584198 5.25 4.75 3550 
-1 -1 -1 -1 -1 -1 
-1 -1 -1 -1 -1 -1 
-1 -1 -1 -1 -1 -1 
-1 -1 -1 -1 -1 -1 
-1 -1 -1 -1 -1 -1 
-1 -1 -1 -1 -1 -1 
-1 -1 -1 -1 -1 -1 
-1 -1 -1 -1 -1 -1 
-1 -1 -1 -1 -1 -1 
-1 -1 -1 -1 -1 -1 
-1 -1 -1 -1 -1 -1 
-1 -1 -1 -1 -1 -1 
-1 -1 -1 -1 -1 -1 
-1 -1 -1 -1 -1 -1 
-1 -1 -1 -1 -1 -1 
-1 -1 -1 -1 -1 -1 
-1 -1 -1 -1 -1 -1 
-1 -1 -1 -1 -1 -1 
0 5.0 1421.3891985757234 8.75 8.25 1300 
-1 -1 -1 -1 -1 -1 
-1 -1 -1 -1 -1 -1 
-1 -1 -1 -1 -1 -1 
-1 -1 -1 -1 -1 -1 
0 9.0 1443.5627517932364 9.0 8.75 1050 
-1 -1 -1 -1 -1 -1 
-1 -1 -1 -1 -1 -1 
-1 -1 -1 -1 -1 -1 
-1 -1 -1 -1 -1 -1 
-1 -1 -1 -1 -1 -1 
-1 -1 -1 -1 -1 -1 
0 32.0 1487.8192367557476 5.25 5.5 3300 
-1 -1 -1 -1 -1 -1 
0 5.0 1500.3827931076376 7.5 8.25 3050 
-1 -1 -1 -1 -1 -1 
0 6.0 1506.5031305999269 6.5 4.5 4300 
0 7.0 1512.469397031288 5.5 5.25 3050 
-1 -1 -1 -1 -1 -1 
-1 -1 -1 -1 -1 -1 
0.928055388320289 3083.0 1530.4381095589104 5.25 5.0 3050 
0.9234365867913501 1580.0 1532.72794896069 5.75 5.0 3550 
-1 -1 -1 -1 -1 -1 
-1 -1 -1 -1 -1 -1 
-1 -1 -1 -1 -1 -1 
-1 -1 -1 -1 -1 -1 
-1 -1 -1 -1 -1 -1 
-1 -1 -1 -1 -1 -1 
0 156.0 1606.1595520614426 4.75 5.0 3050 
0 3.0 1609.5248613655654 7.5 5.0 1550 
-1 -1 -1 -1 -1 -1 
-1 -1 -1 -1 -1 -1 
0 15.0 1617.0104168755254 5.75 5.25 1550 
-1 -1 -1 -1 -1 -1 
-1 -1 -1 -1 -1 -1 
-1 -1 -1 -1 -1 -1 
-1 -1 -1 -1 -1 -1 
-1 -1 -1 -1 -1 -1 
-1 -1 -1 -1 -1 -1 
-1 -1 -1 -1 -1 -1 
-1 -1 -1 -1 -1 -1 
-1 -1 -1 -1 -1 -1 
-1 -1 -1 -1 -1 -1 
-1 -1 -1 -1 -1 -1 
-1 -1 -1 -1 -1 -1 
0.8982092365692743 1906.0 1708.6470331073929 5.25 4.75 3550 
-1 -1 -1 -1 -1 -1 
-1 -1 -1 -1 -1 -1 
-1 -1 -1 -1 -1 -1 
-1 -1 -1 -1 -1 -1 
-1 -1 -1 -1 -1 -1 
-1 -1 -1 -1 -1 -1 
-1 -1 -1 -1 -1 -1 
-1 -1 -1 -1 -1 -1 
-1 -1 -1 -1 -1 -1 
-1 -1 -1 -1 -1 -1 
-1 -1 -1 -1 -1 -1 
-1 -1 -1 -1 -1 -1 
-1 -1 -1 -1 -1 -1 
-1 -1 -1 -1 -1 -1 
-1 -1 -1 -1 -1 -1 
-1 -1 -1 -1 -1 -1 
-1 -1 -1 -1 -1 -1 
-1 -1 -1 -1 -1 -1 
-1 -1 -1 -1 -1 -1 
-1 -1 -1 -1 -1 -1 
-1 -1 -1 -1 -1 -1 
-1 -1 -1 -1 -1 -1 
-1 -1 -1 -1 -1 -1 
-1 -1 -1 -1 -1 -1 
-1 -1 -1 -1 -1 -1 
-1 -1 -1 -1 -1 -1 
-1 -1 -1 -1 -1 -1 
-1 -1 -1 -1 -1 -1 
-1 -1 -1 -1 -1 -1 
-1 -1 -1 -1 -1 -1 
-1 -1 -1 -1 -1 -1 
-1 -1 -1 -1 -1 -1 
-1 -1 -1 -1 -1 -1 
-1 -1 -1 -1 -1 -1 
-1 -1 -1 -1 -1 -1 
-1 -1 -1 -1 -1 -1 
-1 -1 -1 -1 -1 -1 
-1 -1 -1 -1 -1 -1 
0 3.0 1949.4946017651594 5.75 6.5 800 
-1 -1 -1 -1 -1 -1 
-1 -1 -1 -1 -1 -1 
-1 -1 -1 -1 -1 -1 
0 2.0 1972.134561274728 3.5 8.75 5800 
-1 -1 -1 -1 -1 -1 
-1 -1 -1 -1 -1 -1 
-1 -1 -1 -1 -1 -1 
-1 -1 -1 -1 -1 -1 
-1 -1 -1 -1 -1 -1 
-1 -1 -1 -1 -1 -1 
-1 -1 -1 -1 -1 -1 
-1 -1 -1 -1 -1 -1 
-1 -1 -1 -1 -1 -1 
-1 -1 -1 -1 -1 -1 
0 3.0 2043.266762282689 4.0 0.5 4800 
-1 -1 -1 -1 -1 -1 
0 3.0 2051.4948116817413 9.25 5.75 6050 
-1 -1 -1 -1 -1 -1 
-1 -1 -1 -1 -1 -1 
0 28.0 2070.3787728042425 6.25 2.0 1050 
0.8924592973436161 2083.0 2075.6011175289873 5.25 5.0 3050 
0 3.0 2079.691272465995 1.5 7.25 4800 
-1 -1 -1 -1 -1 -1 
-1 -1 -1 -1 -1 -1 
0 10.0 2088.978448264057 9.0 7.25 4800 
-1 -1 -1 -1 -1 -1 
0 6.0 2097.8287761823876 6.0 5.75 3050 
0 38.0 2098.9420597493777 8.5 3.75 800 
-1 -1 -1 -1 -1 -1 
-1 -1 -1 -1 -1 -1 
0 5.0 2115.417585648467 2.0 7.75 3300 
-1 -1 -1 -1 -1 -1 
-1 -1 -1 -1 -1 -1 
0 12.0 2129.0168608835584 5.0 4.5 1050 
-1 -1 -1 -1 -1 -1 
-1 -1 -1 -1 -1 -1 
-1 -1 -1 -1 -1 -1 
-1 -1 -1 -1 -1 -1 
-1 -1 -1 -1 -1 -1 
-1 -1 -1 -1 -1 -1 
-1 -1 -1 -1 -1 -1 
-1 -1 -1 -1 -1 -1 
-1 -1 -1 -1 -1 -1 
-1 -1 -1 -1 -1 -1 
-1 -1 -1 -1 -1 -1 
-1 -1 -1 -1 -1 -1 
-1 -1 -1 -1 -1 -1 
0 6.0 2223.283469372828 7.75 6.75 5800 
0 3.0 2229.6540957210223 3.25 5.25 3050 
-1 -1 -1 -1 -1 -1 
-1 -1 -1 -1 -1 -1 
0 12.0 2249.070351572289 6.75 7.5 5300 
0 4.0 2255.137356772822 6.75 3.75 800 
-1 -1 -1 -1 -1 -1 
-1 -1 -1 -1 -1 -1 
-1 -1 -1 -1 -1 -1 
-1 -1 -1 -1 -1 -1 
0 10.0 2289.0094821679113 5.75 4.75 1050 
0 3.0 2295.8314960809776 6.25 3.0 4300 
0 6.0 2295.8169341998623 8.25 5.0 2300 
-1 -1 -1 -1 -1 -1 
-1 -1 -1 -1 -1 -1 
-1 -1 -1 -1 -1 -1 
-1 -1 -1 -1 -1 -1 
-1 -1 -1 -1 -1 -1 
-1 -1 -1 -1 -1 -1 
0 2.0 2317.921972205088 1.75 3.0 2050 
0 3.0 2321.5027948008797 2.25 2.25 1300 
-1 -1 -1 -1 -1 -1 
-1 -1 -1 -1 -1 -1 
-1 -1 -1 -1 -1 -1 
-1 -1 -1 -1 -1 -1 
-1 -1 -1 -1 -1 -1 
-1 -1 -1 -1 -1 -1 
-1 -1 -1 -1 -1 -1 
-1 -1 -1 -1 -1 -1 
0 6.0 2349.9452116327984 3.0 5.75 2050 
-1 -1 -1 -1 -1 -1 
-1 -1 -1 -1 -1 -1 
0.7238605898123325 270.0 2364.260569692315 5.75 5.0 3550 
-1 -1 -1 -1 -1 -1 
-1 -1 -1 -1 -1 -1 
-1 -1 -1 -1 -1 -1 
-1 -1 -1 -1 -1 -1 
-1 -1 -1 -1 -1 -1 
-1 -1 -1 -1 -1 -1 
-1 -1 -1 -1 -1 -1 
-1 -1 -1 -1 -1 -1 
0 6.0 2415.581866982753 7.75 0.75 2550 
-1 -1 -1 -1 -1 -1 
-1 -1 -1 -1 -1 -1 
0 6.0 2429.939565399824 5.0 5.25 800 
-1 -1 -1 -1 -1 -1 
-1 -1 -1 -1 -1 -1 
-1 -1 -1 -1 -1 -1 
-1 -1 -1 -1 -1 -1 
-1 -1 -1 -1 -1 -1 
-1 -1 -1 -1 -1 -1 
-1 -1 -1 -1 -1 -1 
-1 -1 -1 -1 -1 -1 
-1 -1 -1 -1 -1 -1 
-1 -1 -1 -1 -1 -1 
-1 -1 -1 -1 -1 -1 
-1 -1 -1 -1 -1 -1 
-1 -1 -1 -1 -1 -1 
-1 -1 -1 -1 -1 -1 
-1 -1 -1 -1 -1 -1 
-1 -1 -1 -1 -1 -1 
-1 -1 -1 -1 -1 -1 
-1 -1 -1 -1 -1 -1 
-1 -1 -1 -1 -1 -1 
0 3.0 2541.347136860406 8.25 7.5 3300 
-1 -1 -1 -1 -1 -1 
-1 -1 -1 -1 -1 -1 
-1 -1 -1 -1 -1 -1 
-1 -1 -1 -1 -1 -1 
-1 -1 -1 -1 -1 -1 
-1 -1 -1 -1 -1 -1 
-1 -1 -1 -1 -1 -1 
-1 -1 -1 -1 -1 -1 
-1 -1 -1 -1 -1 -1 
0 3.0 2591.212744808784 0.75 7.0 1550 
-1 -1 -1 -1 -1 -1 
-1 -1 -1 -1 -1 -1 
-1 -1 -1 -1 -1 -1 
-1 -1 -1 -1 -1 -1 
-1 -1 -1 -1 -1 -1 
-1 -1 -1 -1 -1 -1 
0 10.0 2632.2261611598137 9.0 4.75 3800 
-1 -1 -1 -1 -1 -1 
-1 -1 -1 -1 -1 -1 
0 3.0 2650.552806652404 4.75 8.75 800 
-1 -1 -1 -1 -1 -1 
-1 -1 -1 -1 -1 -1 
-1 -1 -1 -1 -1 -1 
0 90.0 2663.157924097841 5.5 5.5 3550 
0.9665338645418327 1213.0 2663.4041702934537 5.0 4.75 3050 
-1 -1 -1 -1 -1 -1 
-1 -1 -1 -1 -1 -1 
-1 -1 -1 -1 -1 -1 
-1 -1 -1 -1 -1 -1 
-1 -1 -1 -1 -1 -1 
-1 -1 -1 -1 -1 -1 
-1 -1 -1 -1 -1 -1 
-1 -1 -1 -1 -1 -1 
-1 -1 -1 -1 -1 -1 
0 19.0 2742.677355670206 6.75 4.0 2050 
-1 -1 -1 -1 -1 -1 
0 746.0 2780.824023620347 5.75 5.0 3550 
0.7244655581947743 305.0 2784.8050000000003 5.75 5.0 3550 
-1 -1 -1 -1 -1 -1 
-1 -1 -1 -1 -1 -1 
-1 -1 -1 -1 -1 -1 
0 3.0 2798.4282921791446 6.75 1.75 5050 
0 3.0 2799.228235354482 7.75 4.75 2800 
-1 -1 -1 -1 -1 -1 
0 10.0 2817.8259787189772 5.5 5.0 2550 
0 119.0 2817.7500522387645 5.75 5.0 3550 
0 6.0 2818.1356729721474 2.0 0.75 2300 
0 6.0 2824.003107818903 9.0 8.0 800 
-1 -1 -1 -1 -1 -1 
-1 -1 -1 -1 -1 -1 
-1 -1 -1 -1 -1 -1 
-1 -1 -1 -1 -1 -1 
-1 -1 -1 -1 -1 -1 
-1 -1 -1 -1 -1 -1 
-1 -1 -1 -1 -1 -1 
-1 -1 -1 -1 -1 -1 
-1 -1 -1 -1 -1 -1 
-1 -1 -1 -1 -1 -1 
-1 -1 -1 -1 -1 -1 
-1 -1 -1 -1 -1 -1 
-1 -1 -1 -1 -1 -1 
0 3.0 2892.408821163347 5.75 6.0 4550 
-1 -1 -1 -1 -1 -1 
-1 -1 -1 -1 -1 -1 
-1 -1 -1 -1 -1 -1 
0 6.0 2905.4170020477122 6.0 1.25 6050 
-1 -1 -1 -1 -1 -1 
-1 -1 -1 -1 -1 -1 
0.8647707486941382 1490.0 2953.5327062049864 5.0 4.75 3050 
-1 -1 -1 -1 -1 -1 
0 6.0 2963.94373863665 5.5 3.25 4300 
-1 -1 -1 -1 -1 -1 
-1 -1 -1 -1 -1 -1 
-1 -1 -1 -1 -1 -1 
-1 -1 -1 -1 -1 -1 
-1 -1 -1 -1 -1 -1 
-1 -1 -1 -1 -1 -1 
-1 -1 -1 -1 -1 -1 
-1 -1 -1 -1 -1 -1 
-1 -1 -1 -1 -1 -1 
-1 -1 -1 -1 -1 -1 
0.7647058823529411 858.0 3040.091649003254 5.25 4.75 3550 
-1 -1 -1 -1 -1 -1 
0 5.0 3053.2011412596994 8.75 8.5 6050 
-1 -1 -1 -1 -1 -1 
0 35.0 3073.3337004782506 5.75 5.0 3550 
0 33.0 3080.491683514523 6.25 6.0 2550 
-1 -1 -1 -1 -1 -1 
-1 -1 -1 -1 -1 -1 
0 90.0 3094.0782876662297 5.5 5.5 3550 
0 268.0 3094.053963109077 6.0 5.0 3550 
0 134.0 3095.64511404638 6.0 5.0 3550 
-1 -1 -1 -1 -1 -1 
-1 -1 -1 -1 -1 -1 
-1 -1 -1 -1 -1 -1 
-1 -1 -1 -1 -1 -1 
-1 -1 -1 -1 -1 -1 
-1 -1 -1 -1 -1 -1 
-1 -1 -1 -1 -1 -1 
-1 -1 -1 -1 -1 -1 
0 3.0 3145.689437002534 6.25 0.25 5550 
-1 -1 -1 -1 -1 -1 
-1 -1 -1 -1 -1 -1 
-1 -1 -1 -1 -1 -1 
0 6.0 3180.172899713581 2.25 9.25 2300 
-1 -1 -1 -1 -1 -1 
-1 -1 -1 -1 -1 -1 
0 12.0 3212.116826862763 6.0 5.25 3300 
-1 -1 -1 -1 -1 -1 
-1 -1 -1 -1 -1 -1 
-1 -1 -1 -1 -1 -1 
-1 -1 -1 -1 -1 -1 
-1 -1 -1 -1 -1 -1 
-1 -1 -1 -1 -1 -1 
-1 -1 -1 -1 -1 -1 
-1 -1 -1 -1 -1 -1 
-1 -1 -1 -1 -1 -1 
-1 -1 -1 -1 -1 -1 
-1 -1 -1 -1 -1 -1 
-1 -1 -1 -1 -1 -1 
0 3.0 3287.8368872110914 2.25 6.0 2050 
-1 -1 -1 -1 -1 -1 
0 4.0 3305.5413672037334 4.25 3.0 2550 
-1 -1 -1 -1 -1 -1 
-1 -1 -1 -1 -1 -1 
-1 -1 -1 -1 -1 -1 
-1 -1 -1 -1 -1 -1 
-1 -1 -1 -1 -1 -1 
0.9077069457659372 954.0 3352.709075727856 5.75 5.0 3550 
-1 -1 -1 -1 -1 -1 
-1 -1 -1 -1 -1 -1 
-1 -1 -1 -1 -1 -1 
0 41.0 3400.2179284192716 5.5 3.0 2550 
-1 -1 -1 -1 -1 -1 
-1 -1 -1 -1 -1 -1 
0.9153846153846154 1904.0 3439.096 5.5 5.0 3550 
-1 -1 -1 -1 -1 -1 
-1 -1 -1 -1 -1 -1 
-1 -1 -1 -1 -1 -1 
-1 -1 -1 -1 -1 -1 
-1 -1 -1 -1 -1 -1 
-1 -1 -1 -1 -1 -1 
-1 -1 -1 -1 -1 -1 
-1 -1 -1 -1 -1 -1 
0 182.0 3496.479641725122 5.25 4.75 3050 
-1 -1 -1 -1 -1 -1 
-1 -1 -1 -1 -1 -1 
0 37.0 3542.3697968415327 5.5 3.25 800 
0 25.0 3549.747924635113 3.75 5.0 3800 
0 25.0 3550.0513362770516 5.25 3.25 3050 
0 9.0 3550.9825161380204 6.0 4.25 800 
-1 -1 -1 -1 -1 -1 
-1 -1 -1 -1 -1 -1 
-1 -1 -1 -1 -1 -1 
-1 -1 -1 -1 -1 -1 
0 27.0 3580.747713796358 5.5 3.0 1050 
