57.70002871955558 3.5 5.5 5800 -1 -1 0.15986374389396119 
61.97812738873519 9.0 7.75 1050 -1 -1 -0.30978582763157725 
108.09909304636128 7.5 3.5 2300 -1 -1 -0.44649315399957956 
131.97825768470062 5.0 4.75 2800 -1 -1 -0.12633968818579966 
180.548880788821 3.5 1.5 3800 -1 -1 0.24735700795536886 
251.58050263809713 8.25 4.25 1800 -1 -1 -0.2317147768962453 
289.4347259649687 8.75 8.5 1800 -1 -1 -0.34503016573395584 
306.6047902601151 9.0 6.75 1300 -1 -1 -0.41505155570527563 
315.89718248914426 4.5 5.0 3550 -1 -1 0.26072704228877974 
340.1964851848427 2.0 6.0 2050 -1 -1 -0.2229924268344341 
356.94163113210914 5.25 4.75 3550.0 0.05071295872848987 62.5 61 0.03044229523225006 
415.25834047297724 7.5 9.0 1050 -1 -1 -0.2464016273148939 
431.71396070392643 9.25 7.5 1800 -1 -1 -0.35481823638521703 
474.5864456680141 6.5 0.5 5300 -1 -1 0.07836773550732978 
480.58686652137317 7.0 1.75 1800 -1 -1 -0.5229967758669716 
548.7388956471958 8.25 4.25 1050 -1 -1 -0.5496934435358192 
587.2304039747311 5.234375 4.71875 3253.125 0.028873564917748836 7.8125 58 -0.014307338686164073 
611.020947955506 8.0 1.0 3300 -1 -1 0.3858161442854531 
615.6315508827947 5.25 5.0 3050 -1 -1 -0.006458053414240439 
651.7431519787067 5.0 0.75 2050 -1 -1 -0.012576030883208134 
699.7239394414019 8.0 7.0 1050 -1 -1 -0.4178195711906927 
699.2744354607808 8.5 7.5 3050 -1 -1 0.2584884651317978 
717.6925405039716 4.25 3.25 4550 -1 -1 -0.3597681396650554 
728.3319210566243 4.5 4.0 6050 -1 -1 0.11532824081102788 
810.141426304182 8.0 8.75 1050 -1 -1 -0.255505526994682 
841.0070699875348 5.0 4.75 3050 -1 -1 -0.03982315464283204 
864.1000509186462 5.75 4.75 3550 -1 -1 0.0036982762229147426 
869.5969955835191 5.5 5.25 3550 -1 -1 -0.05898859925287425 
885.6717648814869 5.8203125 5.06640625 3495.3125 0.07065835010100942 3.90625 70 0.03859018407976578 
887.5664921405794 5.65625 4.94921875 3491.40625 0.09280411686291641 1.953125 59 0.061181626204753314 
898.1744216462363 5.5 4.75 3050 -1 -1 -0.13188537896860097 
904.2358192765571 5.75 1.25 6050 -1 -1 0.21903524799217067 
904.7243118870881 7.75 3.0 4550 -1 -1 0.1181066936645685 
939.7761657744779 4.5 6.75 4300 -1 -1 -0.13696607209906553 
966.5552597975905 8.75 1.75 1050 -1 -1 -0.4624973316717398 
1009.4235865932873 4.0 3.75 5300 -1 -1 -0.016314147893691455 
1019.7657401367181 5.765625 5.0625 3503.125 0.0641305897786255 15.625 55 0.014440408279575934 
1084.884 5.75 5.0 3550 -1 -1 0.020142994874754905 
1093.5115420685372 5.25 2.25 5800 -1 -1 0.26362250974610824 
1108.6988112256442 6.0 6.75 3550 -1 -1 0.2325531606117952 
1116.4910688213872 7.25 8.0 800 -1 -1 -0.44488754079990755 
1156.9332587387212 9.0 8.0 800 -1 -1 -0.5996311937308949 
1191.7792904945065 6.25 9.0 800 -1 -1 -0.47656031916626596 
1235.4963751521052 3.5 5.25 2550 -1 -1 0.029798602884634207 
1269.70736479973 8.75 3.75 3300 -1 -1 0.25134686977572507 
1279.2760195962253 9.0 2.25 1050 -1 -1 -0.24645345112923067 
1283.2129328318576 5.5 3.5 3050 -1 -1 0.1348885251642944 
1291.5117816036457 5.0 4.5 3550 -1 -1 0.025261227059768743 
1291.5721775026204 5.28515625 4.69140625 3491.40625 0.03228420230993563 1.953125 50 -0.0015848111977625479 
1421.3891985757234 8.75 8.25 1300 -1 -1 -0.860126226578922 
1443.5627517932364 9.0 8.75 1050 -1 -1 -0.7241520843436202 
1487.8192367557476 5.25 5.5 3300 -1 -1 -0.3608565748488921 
1500.3827931076376 7.5 8.25 3050 -1 -1 0.19077984470758125 
1506.5031305999269 6.5 4.5 4300 -1 -1 -0.10401348392458587 
1512.469397031288 5.5 5.25 3050 -1 -1 0.0074129427976572515 
1530.418273330679 5.3125 4.875 3237.5 0.024014926891373113 31.25 114 0.0293069007454978 
1532.734058441359 5.8125 5.0625 3546.09375 0.0458025165330275 3.90625 82 0.015037241190700712 
1606.1595520614426 4.75 5.0 3050 -1 -1 -0.03251474812611832 
1609.5248613655654 7.5 5.0 1550 -1 -1 -0.37490843977619726 
1617.0104168755254 5.75 5.25 1550 -1 -1 -0.6302827419666404 
1708.6574192245303 5.244140625 4.7109375 3491.40625 0.04470632100618715 1.953125 91 0.009440174745360963 
1949.4946017651594 5.75 6.5 800 -1 -1 -0.5411038659527208 
1972.134561274728 3.5 8.75 5800 -1 -1 0.41003525987507494 
2043.266762282689 4.0 0.5 4800 -1 -1 0.12351973987085785 
2051.4948116817413 9.25 5.75 6050 -1 -1 0.2818132244132574 
2070.3787728042425 6.25 2.0 1050 -1 -1 -0.49312550179945625 
2075.5843807114175 5.412109375 4.927734375 3258.984375 0.037607169780069075 1.953125 93 0.05592847402826706 
2079.691272465995 1.5 7.25 4800 -1 -1 0.14544572966480018 
2088.978448264057 9.0 7.25 4800 -1 -1 0.1834281138126066 
2097.8287761823876 6.0 5.75 3050 -1 -1 0.16939854280030353 
2098.9420597493777 8.5 3.75 800 -1 -1 -0.5280360041181353 
2115.417585648467 2.0 7.75 3300 -1 -1 0.33065248508994394 
2129.0168608835584 5.0 4.5 1050 -1 -1 -0.8925771681876054 
2223.283469372828 7.75 6.75 5800 -1 -1 0.1371323042266539 
2229.6540957210223 3.25 5.25 3050 -1 -1 -0.11498605052885047 
2249.070351572289 6.75 7.5 5300 -1 -1 0.13213924193100368 
2255.137356772822 6.75 3.75 800 -1 -1 -0.5053023921169402 
2289.0094821679113 5.75 4.75 1050 -1 -1 -0.6813822271037253 
2295.8314960809776 6.25 3.0 4300 -1 -1 0.02396052216620781 
2295.8169341998623 8.25 5.0 2300 -1 -1 -0.31287131134630997 
2317.921972205088 1.75 3.0 2050 -1 -1 -0.11957106370649484 
2321.5027948008797 2.25 2.25 1300 -1 -1 -0.24940728667648138 
2349.9452116327984 3.0 5.75 2050 -1 -1 -0.25539596308698265 
2364.2581259000476 5.89453125 4.91796875 3542.1875 0.07597748786848645 3.90625 37 0.1538724779708165 
2415.581866982753 7.75 0.75 2550 -1 -1 0.48118645625393164 
2429.939565399824 5.0 5.25 800 -1 -1 -0.37590184490331957 
2541.347136860406 8.25 7.5 3300 -1 -1 0.2047523223516059 
2591.212744808784 0.75 7.0 1550 -1 -1 -0.35378196657425676 
2632.2261611598137 9.0 4.75 3800 -1 -1 0.19852140150434394 
2650.552806652404 4.75 8.75 800 -1 -1 -0.8026941316073444 
2663.157924097841 5.5 5.5 3550 -1 -1 0.08086586289402398 
2663.3868135937514 5.1494140625 4.7724609375 3174.0234375 0.02113435629080854 0.9765625 68 0.044340966099287726 
2742.677355670206 6.75 4.0 2050 -1 -1 -0.2721884567977604 
2780.824023620347 5.75 5.0 3550 -1 -1 0.03783438221893931 
2784.8282160265426 5.921875 4.9453125 3491.40625 0.07348722481926463 3.90625 41 0.008217975809138522 
2798.4282921791446 6.75 1.75 5050 -1 -1 0.021219832394693938 
2799.228235354482 7.75 4.75 2800 -1 -1 -0.10295562345980613 
2817.8259787189772 5.5 5.0 2550 -1 -1 0.07149256004505489 
2817.7500522387645 5.75 5.0 3550 -1 -1 0.04191741027009677 
2818.1356729721474 2.0 0.75 2300 -1 -1 0.05574418881842469 
2824.003107818903 9.0 8.0 800 -1 -1 -0.3632522845398043 
2892.408821163347 5.75 6.0 4550 -1 -1 -0.08454500558111455 
2905.4170020477122 6.0 1.25 6050 -1 -1 0.18859116606973636 
2953.5165892695486 5.146484375 4.748046875 3258.984375 0.054835308154292724 1.953125 82 -0.03444496904155869 
2963.94373863665 5.5 3.25 4300 -1 -1 0.015593961797129907 
3040.1099774452614 5.34375 4.59375 3581.25 0.10092529115421538 3.90625 66 0.04928909126489245 
3053.2011412596994 8.75 8.5 6050 -1 -1 0.10695385402862811 
3073.3337004782506 5.75 5.0 3550 -1 -1 -0.09184697288440802 
3080.491683514523 6.25 6.0 2550 -1 -1 -0.1495397908559397 
3094.0782876662297 5.5 5.5 3550 -1 -1 0.012601943638227198 
3094.053963109077 6.0 5.0 3550 -1 -1 0.036414859517865494 
3095.64511404638 6.0 5.0 3550 -1 -1 0.035164045728635074 
3145.689437002534 6.25 0.25 5550 -1 -1 0.3161812043847405 
3180.172899713581 2.25 9.25 2300 -1 -1 -0.0486893001261528 
3212.116826862763 6.0 5.25 3300 -1 -1 -0.1494305429538958 
3287.8368872110914 2.25 6.0 2050 -1 -1 -0.11256491104251864 
3305.5413672037334 4.25 3.0 2550 -1 -1 -0.006043774814102676 
3352.717629000793 5.7578125 5.0390625 3538.28125 0.0446746894657537 3.90625 62 0.05233904289053015 
3400.2179284192716 5.5 3.0 2550 -1 -1 -0.2132264169252771 
3439.096 5.5 4.875 3550.0 0.040309788876884294 62.5 88 0.0163221774907516 
3496.479641725122 5.25 4.75 3050 -1 -1 -0.011780973876575729 
3542.3697968415327 5.5 3.25 800 -1 -1 -0.7484210731994843 
3549.747924635113 3.75 5.0 3800 -1 -1 -0.04383616486548547 
3550.0513362770516 5.25 3.25 3050 -1 -1 -0.06836044943766595 
3550.9825161380204 6.0 4.25 800 -1 -1 -0.5954240858747202 
3580.747713796358 5.5 3.0 1050 -1 -1 -0.7994800197929592 
