12.76753862391011 5.103515625 5.134765625 3491.40625 0.0528359149897875 1.953125 58 
18.251140479332665 5.1640625 5.33984375 3491.40625 0.043633699866519236 1.953125 121 
45.05594283778303 9.0 3.0 2550 -1 -1 
80.88952696519257 4.5 6.25 1550 -1 -1 
88.80504094294217 4.8359375 5.171875 3257.03125 0.05581225507657008 3.90625 97 
90.16521501157385 4.859375 5.078125 3253.125 0.04137756368738814 7.8125 95 
95.8765141967165 5.5 6.0 2050 -1 -1 
105.33766377176867 4.8125 5.0625 3237.5 0.041299930795197864 31.25 109 
108.68816377177441 5.0625 5.21875 3237.5 0.07225885078763226 31.25 66 
119.3006315323975 4.9921875 5.0546875 3491.40625 0.050249232016593134 1.953125 73 
148.1391430281638 5.1953125 5.2734375 3491.40625 0.05719515073539151 1.953125 129 
157.92898747659672 5.048828125 5.197265625 3491.40625 0.06337926235070579 1.953125 133 
168.42225475800262 4.921875 5.103515625 3491.40625 0.037445068526835684 1.953125 108 
206.18611055433723 5.75 5.75 5050 -1 -1 
206.33398299857726 8.5 5.25 3550 -1 -1 
218.56244488905241 5.0 5.25 3550 -1 -1 
229.67767394511043 5.75 5.25 5300 -1 -1 
236.44644929750967 5.25 4.75 3550 -1 -1 
236.43696784437387 5.25 5.25 3550 -1 -1 
268.26720176801655 4.97265625 5.169921875 3259.9609375 0.030398960851005928 0.9765625 106 
278.1947324098144 5.04296875 5.19140625 3198.4375 0.03458953113695933 3.90625 73 
297.2851812965455 5.0634765625 5.2255859375 3259.9609375 0.03824303911881201 0.9765625 114 
301.7737368168691 4.935546875 5.087890625 3491.40625 0.039922549110900415 1.953125 132 
308.8472399114242 5.0 5.0 3550 -1 -1 
341.6576523022416 5.0859375 5.2236328125 3259.9609375 0.023980397463560885 0.9765625 130 
352.6023284420073 4.931640625 5.09375 3491.40625 0.0481120900379674 1.953125 102 
358.82133291956694 5.046875 5.1953125 3253.125 0.023884586803826144 7.8125 134 
367.49236157245025 5.0 5.1875 3253.125 0.020178578708207013 7.8125 61 
442.55048340145447 4.84375 4.9375 3550.0 0.11333901291337826 31.25 40 
446.1437315469566 2.5 3.25 800 -1 -1 
476.7008979804158 5.0 5.25 3050 -1 -1 
484.554440857472 4.888671875 5.046875 3491.40625 0.04704838285789178 1.953125 92 
529.8700129761869 3.25 2.0 2050 -1 -1 
536.2636536046531 4.5 7.25 4300 -1 -1 
544.2531393879597 5.048828125 5.203125 3491.40625 0.052264033840176624 1.953125 131 
564.2852831573781 4.875 5.125 3237.5 0.030268111501318643 31.25 116 
568.5817634131586 4.8828125 5.0078125 3491.40625 0.063216891788392 1.953125 54 
591.5706822259037 5.1181640625 5.22265625 3259.9609375 0.04241753925783348 0.9765625 48 
617.653304007031 5.076171875 5.083984375 3491.40625 0.05118066678379004 1.953125 71 
636.9989771781488 5.0234375 5.1171875 3257.03125 0.0555001457134074 3.90625 105 
674.2340842355302 4.5 7.5 800 -1 -1 
680.4574040085813 4.75 5.0 3550 -1 -1 
704.0459341272538 3.75 7.25 1050 -1 -1 
717.5416561023103 5.046875 5.1962890625 3259.9609375 0.021241565600144945 0.9765625 129 
744.6464987054311 5.1162109375 5.2353515625 3259.9609375 0.02827416610680551 0.9765625 75 
750.3745499797249 0.5 9.0 1800 -1 -1 
756.3793447549319 8.75 7.0 800 -1 -1 
758.6902128712832 0.75 6.25 800 -1 -1 
767.9226862619732 4.875 5.125 3190.625 0.0702004107396655 15.625 56 
790.5255298034334 4.25 5.25 2300 -1 -1 
795.2109478813798 4.5 5.0 4800 -1 -1 
823.176655875109 5.0 5.25 3550 -1 -1 
842.3196353053484 5.0 5.0 3550 -1 -1 
848.0058585074615 4.96875 5.1875 3237.5 0.049087355148896616 31.25 107 
856.7561324816032 8.0 3.5 5800 -1 -1 
873.250668623197 4.8203125 5.1640625 3491.40625 0.08460834839332407 3.90625 51 
888.717952386648 5.25 4.75 3550 -1 -1 
888.7433990558255 5.0 5.25 3050 -1 -1 
898.1961073641585 4.5 7.25 5800 -1 -1 
902.6826736800458 5.0 5.0 3550 -1 -1 
917.6750588041599 4.935546875 5.064453125 3491.40625 0.044866328447543014 1.953125 89 
950.8058488011511 4.75 7.0 2800 -1 -1 
965.2649824752231 5.0263671875 5.193359375 3259.9609375 0.021504212311937717 0.9765625 105 
971.9005899759252 5.0 5.1875 3237.5 0.05236193429503919 31.25 119 
998.6316883156309 5.06640625 5.2109375 3258.984375 0.034645397806401426 1.953125 113 
1004.3781353332257 4.9453125 5.1484375 3253.125 0.0678560851513451 7.8125 63 
1009.6172678682549 5.11328125 5.2802734375 3259.9609375 0.04001721345832731 0.9765625 104 
1015.5157174939405 4.880859375 5.12890625 3491.40625 0.05108555877369119 1.953125 128 
1027.681742027082 8.0 7.5 4050 -1 -1 
1031.583709288447 1.5 3.5 5800 -1 -1 
1032.7258332651843 9.25 4.25 1550 -1 -1 
1059.9298568314641 9.0 5.75 6050 -1 -1 
1062.4308451431566 8.0 5.25 4050 -1 -1 
1077.4163164817774 5.0859375 5.22265625 3258.984375 0.02831625960456324 1.953125 130 
1083.913183309604 8.75 8.75 1050 -1 -1 
1100.2342958585282 4.90625 5.166015625 3258.984375 0.050404745556717305 1.953125 131 
1106.4491925801024 4.859375 5.09375 3253.125 0.03014202294222398 7.8125 124 
1129.9929621370954 4.875 5.0 3550.0 0.056251218689738446 62.5 80 
1149.7782121995099 5.140625 5.171875 2729.6875 0.08489515440460654 1.953125 21 
1159.11331232696 5.029296875 5.2109375 3173.046875 0.0478555692018457 1.953125 58 
1180.5342078566641 5.1171875 5.28125 3253.125 0.06964899378748797 7.8125 119 
1221.3277184549459 5.0625 5.125 3237.5 0.054138646852200344 31.25 81 
1225.6999048053347 5.0 5.201171875 3259.9609375 0.04112245412527882 0.9765625 122 
1233.2335505866351 5.109375 5.21875 3253.125 0.03341228627280214 7.8125 56 
1261.3200584036106 5.078125 5.296875 3159.375 0.09281192416684819 15.625 43 
1284.5680625242285 5.25 5.25 3550 -1 -1 
1313.865084392918 5.044921875 5.1962890625 3259.9609375 0.029586772920481137 0.9765625 111 
1325.291883064562 5.07421875 5.16015625 3258.984375 0.037660831736100416 1.953125 106 
1328.3698450495679 7.0 0.0 800 -1 -1 
1341.922458763858 4.9716796875 5.1826171875 3259.9609375 0.019101539089598468 0.9765625 134 
1362.2884824752232 5.013671875 5.185546875 3258.984375 0.04091244822697657 1.953125 130 
1370.8770668275479 4.869140625 4.9375 3491.40625 0.04882800379359967 1.953125 122 
1381.2259529942357 5.10546875 5.21484375 3258.984375 0.0403529185640635 1.953125 63 
1387.7669101581237 9.0 7.5 2550 -1 -1 
1387.9552822586513 9.0 3.5 6050 -1 -1 
1404.5662070649496 5.03125 5.1875 3237.5 0.05747788387636193 31.25 112 
1417.1197247602786 5.03125 5.1875 3237.5 0.051594469969961226 31.25 93 
1430.5014120407982 5.0 5.25 3550 -1 -1 
1468.3594302526312 6.0 3.5 1550 -1 -1 
1475.1538479810888 3.75 6.5 1300 -1 -1 
1499.7076429621916 6.75 5.75 5800 -1 -1 
1500.3753710919764 4.75 5.25 2800 -1 -1 
1501.8824637807554 8.25 5.0 1800 -1 -1 
1507.206082550225 5.125 5.28125 3253.125 0.05487576894221343 7.8125 73 
1509.259 5.0 5.3125 3175.0 0.04377185626945525 62.5 92 
1544.7351702872704 4.75 5.25 3050 -1 -1 
1554.0080745749538 7.5 6.0 1300 -1 -1 
1579.0017574164215 1.75 0.75 2050 -1 -1 
1586.2777456527353 2.0 9.25 2050 -1 -1 
1587.999684821812 4.0 7.0 5550 -1 -1 
1594.635131737401 7.75 2.5 3050 -1 -1 
1631.103770174398 5.5 0.25 2550 -1 -1 
1633.2963515112058 7.75 2.75 4550 -1 -1 
1657.8053216501487 5.0546875 5.1171875 3257.03125 0.07204501996806911 3.90625 53 
1675.2741637717688 5.0 5.1875 3237.5 0.03027572165970796 31.25 74 
1695.7377427109586 5.04296875 5.21875 3258.984375 0.03135265255850017 1.953125 132 
1708.6286741701238 6.0 7.75 4550 -1 -1 
1715.6105661839015 7.25 7.75 800 -1 -1 
1729.8652924162905 4.9990234375 5.19921875 3259.9609375 0.024986547934178847 0.9765625 117 
1735.79 5.0 5.125 3550.0 0.06116708109259394 62.5 58 
1780.3744639475165 4.25 3.5 800 -1 -1 
1795.874939534166 1.5 3.5 800 -1 -1 
1816.2008758343625 8.25 4.0 4800 -1 -1 
1824.8971168950332 4.8515625 5.068359375 3258.984375 0.04271975034677578 1.953125 132 
1833.832991320688 9.25 3.0 1050 -1 -1 
1863.9891984234873 4.96875 5.1875 3206.25 0.046889926833007974 15.625 101 
1877.5834149927387 5.75 7.75 1550 -1 -1 
1879.7646402322916 8.75 9.25 1300 -1 -1 
1902.68780074359 4.921875 5.1015625 3253.125 0.06195482514443668 7.8125 53 
1901.602605593927 7.25 2.5 3800 -1 -1 
1909.3736627625765 8.25 7.0 4300 -1 -1 
1911.5817954654945 7.25 6.75 1550 -1 -1 
1914.2664999185045 8.75 6.75 3800 -1 -1 
1932.463248095737 7.25 7.75 1800 -1 -1 
1931.9330418581999 8.75 9.0 800 -1 -1 
1942.9666606108763 7.5 4.25 2300 -1 -1 
1943.1306711392194 9.0 6.75 2300 -1 -1 
1945.029782685432 6.75 9.0 1300 -1 -1 
1949.7657792519099 5.75 9.25 2050 -1 -1 
1965.6405301425002 4.84375 5.125 3237.5 0.06794050297037518 31.25 82 
1991.6598008164603 4.90625 5.1513671875 3259.9609375 0.03044635678462204 0.9765625 127 
1997.9419393900741 4.90625 5.03125 3491.40625 0.06012417170561466 1.953125 84 
2000.7613216501488 4.9375 5.1669921875 3259.9609375 0.024800863845930856 0.9765625 109 
2005.4638987290818 5.0078125 5.1640625 3253.125 0.049202175217367715 7.8125 76 
2040.0768860585408 8.75 4.25 3550 -1 -1 
2047.5736332290521 4.921875 5.1953125 3253.125 0.05571652825626534 7.8125 81 
2074.016098210825 7.75 7.5 800 -1 -1 
2074.6705610006507 6.75 6.25 1800 -1 -1 
2081.9519889235826 2.75 9.0 1800 -1 -1 
2096.0913285602383 0.75 7.0 4050 -1 -1 
2112.121782899086 5.107421875 5.2353515625 3259.9609375 0.03020688926742767 0.9765625 130 
2143.870089396037 4.9140625 5.041015625 3490.4296875 0.032138720380017895 0.9765625 59 
2163.9214255190377 7.25 4.75 5050 -1 -1 
2164.646176552332 4.0 6.5 2300 -1 -1 
2164.6639320884756 7.25 9.0 1050 -1 -1 
2169.5137563624266 5.25 5.25 3550 -1 -1 
2185.1764418187613 8.0 6.25 5050 -1 -1 
2192.268617252358 9.25 3.25 800 -1 -1 
2192.522106818381 7.5 9.25 800 -1 -1 
2193.6223490838656 7.25 0.5 2300 -1 -1 
2195.758015596847 4.75 6.5 2300 -1 -1 
2200.1075651662736 5.25 5.5 3050 -1 -1 
2200.256425592705 4.859375 5.015625 3182.8125 0.046524502612287966 7.8125 36 
2211.9203543090616 5.0634765625 5.2255859375 3259.9609375 0.02184368267902137 0.9765625 123 
2221.764518294716 5.0 5.25 3050 -1 -1 
2229.5491328390626 4.5 4.75 3550 -1 -1 
2229.689461563129 4.91796875 5.0390625 3491.40625 0.04183733151116019 1.953125 95 
2244.628640784723 4.5 4.0 3550 -1 -1 
2253.3649711512617 5.087890625 5.3427734375 3490.4296875 0.043717603077445016 0.9765625 120 
2260.8866622760224 5.5 5.0 4050 -1 -1 
2295.435211528532 5.046875 5.203125 3253.125 0.03372615253539148 7.8125 130 
2297.9229641730967 5.044921875 5.208984375 3258.984375 0.03798800810981347 1.953125 124 
2339.715592189531 4.75 9.25 5050 -1 -1 
2340.6790002441653 7.25 3.0 1300 -1 -1 
2351.1128569321404 6.5 5.25 3550 -1 -1 
2359.4242396474942 5.025390625 5.22265625 3258.984375 0.056030499493261464 1.953125 53 
2380.6023236810884 4.5 4.75 3550 -1 -1 
2380.8018011786776 4.96875 5.1796875 3257.03125 0.03327722928993666 3.90625 92 
2396.871422738369 1.0 2.75 2050 -1 -1 
2398.7837153565674 4.75 5.0 5800 -1 -1 
2402.800581885884 4.8203125 5.0625 3229.6875 0.04926770755733134 7.8125 102 
2430.9274560018557 7.75 5.5 1300 -1 -1 
2433.364888482695 5.75 3.75 1050 -1 -1 
2460.1936841307997 4.875 5.0 3237.5 0.02197636285934235 31.25 75 
2463.1069449573342 5.140625 5.34375 3253.125 0.06811167114836898 7.8125 105 
2480.6629359170065 5.0 5.1875 3253.125 0.03495452715087664 7.8125 129 
2489.6362644990163 5.125 5.125 3237.5 0.11273759246646553 31.25 92 
2514.8030800451393 4.966796875 5.126953125 3235.546875 0.03270881036890995 1.953125 47 
2522.12107844619 5.25 5.25 3050 -1 -1 
2529.0900547403344 4.9375 5.0966796875 3490.4296875 0.07912940037121731 0.9765625 100 
2541.6683519416483 6.0 4.0 5050 -1 -1 
2542.438087869652 3.25 7.75 1550 -1 -1 
2559.8301907064656 3.0 7.0 800 -1 -1 
2568.3435540702535 5.05859375 5.19140625 3491.40625 0.05355657845848933 1.953125 97 
2603.021707801363 3.0 5.0 1300 -1 -1 
2606.0911824408117 5.25 5.25 2800 -1 -1 
2611.731097949787 1.75 8.75 1800 -1 -1 
2612.8108533319155 3.75 7.75 800 -1 -1 
2614.705302771012 6.75 5.75 4800 -1 -1 
2626.3749849770606 9.25 5.75 800 -1 -1 
2629.97924023504 0.0 6.25 800 -1 -1 
2636.2292755262224 5.25 5.75 4800 -1 -1 
2636.462210709881 3.25 8.0 800 -1 -1 
2653.5333828678818 5.1015625 5.2109375 3253.125 0.028409615582602233 7.8125 132 
2660.9325230797417 5.0419921875 5.21875 3259.9609375 0.025000464192876132 0.9765625 130 
2665.0024150952304 6.75 4.5 4800 -1 -1 
2707.663205626589 1.0 5.0 3800 -1 -1 
2712.679665499038 5.015625 5.171875 3253.125 0.053401030895407084 7.8125 90 
2727.0572831027216 5.0234375 5.1953125 3259.9609375 0.029296360258479176 0.9765625 106 
2738.107344635963 5.046875 5.171875 3253.125 0.06342641012037141 7.8125 79 
2748.940006803396 5.0263671875 5.1962890625 3259.9609375 0.022265151352585597 0.9765625 39 
2773.953241996426 6.0 8.0 4550 -1 -1 
2779.983638433436 4.935546875 5.087890625 3491.40625 0.04236421845863681 1.953125 104 
2799.29260744394 7.25 8.25 1050 -1 -1 
2807.7479459140773 4.875 5.125 3237.5 0.031457298912585446 31.25 112 
2818.8953845369306 3.75 9.0 800 -1 -1 
2839.00577161185 6.75 8.0 2800 -1 -1 
2842.675545377498 6.25 4.75 1050 -1 -1 
2853.978004565633 4.953125 5.3125 3081.25 0.0707773623308514 15.625 68 
2874.901782616266 5.0 5.25 3050 -1 -1 
2895.7939316661186 9.0 5.75 1050 -1 -1 
2901.2383502787625 5.0 5.25 3050 -1 -1 
2912.1600524465416 4.908203125 5.138671875 3258.984375 0.06020393158532678 1.953125 38 
2913.8609230047773 4.875 5.125 3237.5 0.04182879939736401 31.25 45 
2929.7954122984215 5.0634765625 5.2255859375 3259.9609375 0.03406908834142776 0.9765625 130 
2935.35979741993 5.0234375 5.1962890625 3259.9609375 0.02030593580028701 0.9765625 52 
2939.0553715976903 8.25 4.75 5800 -1 -1 
2945.6072718014857 7.75 1.5 1800 -1 -1 
2946.5457098352126 8.25 5.5 2300 -1 -1 
2959.378952262579 7.0 8.75 3800 -1 -1 
2970.272074537984 4.25 5.25 800 -1 -1 
2978.882286462509 5.5 5.0 2800 -1 -1 
2989.512982469412 5.5 6.25 2800 -1 -1 
2989.8455555436726 4.875 5.125 3175.0 0.053853711831671626 62.5 44 
2997.653148933059 4.0 7.75 6050 -1 -1 
3006.386563497949 6.25 6.5 1300 -1 -1 
3014.529211692265 5.015625 5.1875 3253.125 0.050043152571770506 7.8125 53 
3054.706393364717 4.9375 5.15625 3253.125 0.027365235429133727 7.8125 110 
3058.628598746336 4.921875 5.10546875 3491.40625 0.038405232467954964 1.953125 121 
3074.771185469909 5.5 6.75 5300 -1 -1 
3092.6294423248696 5.197265625 5.333984375 3491.40625 0.035236662832110764 1.953125 104 
3101.1481443571447 4.9375 5.16796875 3258.984375 0.0480942134045799 1.953125 101 
3135.2678384030355 6.75 3.75 1050 -1 -1 
3135.375780697754 6.25 6.0 5800 -1 -1 
3149.8337370826757 6.0 3.0 4300 -1 -1 
3212.8620466091043 5.0 5.25 3050 -1 -1 
3233.837608013271 5.15625 5.275390625 3491.40625 0.03452015771942053 1.953125 133 
3258.059781970306 4.75 5.0 3050 -1 -1 
3258.856488669475 7.0 2.5 1800 -1 -1 
3304.524536043139 5.021484375 5.19921875 3259.9609375 0.022848098804735793 0.9765625 125 
3337.017814962496 4.72265625 5.07421875 3053.90625 0.05474358664606931 3.90625 57 
3343.550441532281 4.9453125 5.173828125 3259.9609375 0.025023350713619462 0.9765625 90 
3354.702958156676 5.0 5.0 3550 -1 -1 
3360.046828591192 5.046875 5.1875 3206.25 0.05882995687784353 15.625 83 
3361.5631948290466 4.8583984375 5.1005859375 3259.9609375 0.018465526850998806 0.9765625 78 
3372.9655298608054 5.0 5.0 3550 -1 -1 
3380.8510786543793 5.0 5.0 3550 -1 -1 
3384.4211712739734 5.08984375 5.005859375 3491.40625 0.09121539853325517 1.953125 76 
3392.4968846497395 4.865234375 5.05859375 3491.40625 0.04388952733184242 1.953125 124 
3418.5599858517744 6.5 5.5 5550 -1 -1 
3472.8313733935083 4.90234375 5.14453125 3257.03125 0.04037992590040533 3.90625 94 
3480.449154969875 5.1015625 5.33984375 3491.40625 0.04965555856039974 1.953125 125 
3492.6002512873324 5.0 5.25 3050 -1 -1 
3516.3786610005923 4.978515625 5.181640625 3258.984375 0.03643909439929672 1.953125 78 
3529.918729765333 5.0390625 5.1796875 3233.59375 0.035764752735502545 3.90625 67 
3540.490122611981 5.0458984375 5.1953125 3259.9609375 0.022629146055617916 0.9765625 131 
3561.2021338460313 4.75 5.0 3550 -1 -1 
3580.3069720139833 4.92578125 5.029296875 3491.40625 0.030010703516600377 1.953125 77 
