-1 -1 -1 -1 -1 -1 
-1 -1 -1 -1 -1 -1 
0.8737758433079434 803.0 12.754097766438086 5.0 5.0 3550 
0.9099704380542865 3386.0 18.23586677765991 5.25 5.25 3550 
-1 -1 -1 -1 -1 -1 
-1 -1 -1 -1 -1 -1 
0 43.0 45.05594283778303 9.0 3.0 2550 
0 21.0 80.88952696519257 4.5 6.25 1550 
-1 -1 -1 -1 -1 -1 
-1 -1 -1 -1 -1 -1 
0.8108882521489972 1981.0 88.81 4.75 5.0 3050 
0.8848951647411211 2068.0 90.17761265421842 4.75 5.0 3050 
0 10.0 95.8765141967165 5.5 6.0 2050 
0.8764591439688716 2703.0 105.3575 4.75 5.0 3050 
0.8470380194518126 958.0 108.70800000000574 5.0 5.25 3050 
0.8793859649122807 1203.0 119.29268920752767 5.0 5.0 3550 
0.8623136976579134 3645.0 148.12020363808958 5.25 5.25 3550 
0.8857206504789485 3976.0 157.9094371384556 5.0 5.25 3550 
0.8912386706948641 2655.0 168.41125769279824 5.0 5.25 3550 
-1 -1 -1 -1 -1 -1 
-1 -1 -1 -1 -1 -1 
0 6.0 206.18611055433723 5.75 5.75 5050 
0 10.0 206.33398299857726 8.5 5.25 3550 
-1 -1 -1 -1 -1 -1 
0 100.0 218.56244488905241 5.0 5.25 3550 
0 29.0 229.67767394511043 5.75 5.25 5300 
-1 -1 -1 -1 -1 -1 
0 36.0 236.44644929750967 5.25 4.75 3550 
0 124.0 236.43696784437387 5.25 5.25 3550 
0.9017763845350052 2589.0 268.27650000000006 5.0 5.25 3050 
0.9364035087719298 1281.0 278.1972119383433 5.0 5.25 3050 
-1 -1 -1 -1 -1 -1 
0.9069486404833836 3002.0 297.292 5.0 5.25 3050 
0.9039113723716934 3998.0 301.7621288035978 5.0 5.0 3550 
0 291.0 308.8472399114242 5.0 5.0 3550 
0.9382428338382661 4026.0 341.67128970915064 5.0 5.25 3050 
0.8476505139500734 2309.0 352.584 5.0 5.0 3550 
0.9545654082528534 4349.0 358.83125103368263 5.0 5.25 3050 
0.9757281553398058 1005.0 367.50227968656594 5.0 5.25 3050 
-1 -1 -1 -1 -1 -1 
-1 -1 -1 -1 -1 -1 
-1 -1 -1 -1 -1 -1 
0.7481481481481481 303.0 442.5700337395956 4.75 5.0 3550 
-1 -1 -1 -1 -1 -1 
0 3.0 446.1437315469566 2.5 3.25 800 
-1 -1 -1 -1 -1 -1 
0 345.0 476.7008979804158 5.0 5.25 3050 
-1 -1 -1 -1 -1 -1 
0.891425908667288 1913.0 484.541 5.0 5.0 3550 
-1 -1 -1 -1 -1 -1 
-1 -1 -1 -1 -1 -1 
-1 -1 -1 -1 -1 -1 
-1 -1 -1 -1 -1 -1 
0 3.0 529.8700129761869 3.25 2.0 2050 
-1 -1 -1 -1 -1 -1 
-1 -1 -1 -1 -1 -1 
0 17.0 536.2636536046531 4.5 7.25 4300 
0.9028925619834711 3933.0 544.2335890498185 5.0 5.25 3550 
0.8867483946293053 3038.0 564.3051193856095 4.75 5.25 3050 
0.8407960199004975 676.0 568.5634349711512 5.0 5.0 3550 
0.8628659476117103 560.0 591.5933079237302 5.0 5.25 3050 
-1 -1 -1 -1 -1 -1 
-1 -1 -1 -1 -1 -1 
-1 -1 -1 -1 -1 -1 
0.7410772225827384 1142.0 617.639863149559 5.0 5.0 3550 
-1 -1 -1 -1 -1 -1 
0.8648167911775169 2431.0 637.0113748207935 5.0 5.25 3050 
-1 -1 -1 -1 -1 -1 
-1 -1 -1 -1 -1 -1 
-1 -1 -1 -1 -1 -1 
-1 -1 -1 -1 -1 -1 
-1 -1 -1 -1 -1 -1 
-1 -1 -1 -1 -1 -1 
-1 -1 -1 -1 -1 -1 
-1 -1 -1 -1 -1 -1 
0 6.0 674.2340842355302 4.5 7.5 800 
0 270.0 680.4574040085813 4.75 5.0 3550 
0 4.0 704.0459341272538 3.75 7.25 1050 
-1 -1 -1 -1 -1 -1 
0.9493491124260355 4011.0 717.5543636860211 5.0 5.25 3050 
0.9139504563233377 1402.0 744.6573466427451 5.0 5.25 3050 
0 5.0 750.3745499797249 0.5 9.0 1800 
-1 -1 -1 -1 -1 -1 
0 3.0 756.3793447549319 8.75 7.0 800 
0 2.0 758.6902128712832 0.75 6.25 800 
-1 -1 -1 -1 -1 -1 
0.8731343283582089 702.0 767.932604376089 4.75 5.0 3050 
-1 -1 -1 -1 -1 -1 
-1 -1 -1 -1 -1 -1 
0 3.0 790.5255298034334 4.25 5.25 2300 
-1 -1 -1 -1 -1 -1 
0 6.0 795.2109478813798 4.5 5.0 4800 
-1 -1 -1 -1 -1 -1 
-1 -1 -1 -1 -1 -1 
-1 -1 -1 -1 -1 -1 
0.4065656565656566 1127.0 823.176655875109 5.0 5.25 3550 
-1 -1 -1 -1 -1 -1 
0 285.0 842.3196353053484 5.0 5.0 3550 
0.8744059742023083 2576.0 848.0058585074615 5.0 5.25 3050 
0 5.0 856.7561324816032 8.0 3.5 5800 
0.7597911227154047 582.0 873.258 5.0 5.0 3550 
0 28.0 888.717952386648 5.25 4.75 3550 
0 112.0 888.7433990558255 5.0 5.25 3050 
0 4.0 898.1961073641585 4.5 7.25 5800 
0 246.0 902.6826736800458 5.0 5.0 3550 
0.8816625916870415 1803.0 917.6622288947549 5.0 5.0 3550 
-1 -1 -1 -1 -1 -1 
-1 -1 -1 -1 -1 -1 
-1 -1 -1 -1 -1 -1 
-1 -1 -1 -1 -1 -1 
0 6.0 950.8058488011511 4.75 7.0 2800 
-1 -1 -1 -1 -1 -1 
-1 -1 -1 -1 -1 -1 
-1 -1 -1 -1 -1 -1 
0.9563226488200071 2715.0 965.278 5.0 5.25 3050 
0.8746533555185801 3154.0 971.846 5.0 5.25 3550 
0.9019969278033794 2936.0 998.6447058404077 5.0 5.25 3050 
0.798941798941799 906.0 1004.3855739188125 5.0 5.25 3050 
0.9351158645276292 2623.0 1009.6405134482136 5.0 5.25 3050 
0.8694711538461538 3617.0 1015.498 5.0 5.0 3550 
0 3.0 1027.681742027082 8.0 7.5 4050 
0 3.0 1031.583709288447 1.5 3.5 5800 
0 6.0 1032.7258332651843 9.25 4.25 1550 
-1 -1 -1 -1 -1 -1 
0 3.0 1059.9298568314641 9.0 5.75 6050 
-1 -1 -1 -1 -1 -1 
0 2.0 1062.4308451431566 8.0 5.25 4050 
-1 -1 -1 -1 -1 -1 
0.9151712887438825 3927.0 1077.4305737708187 5.0 5.25 3050 
0 3.0 1083.913183309604 8.75 8.75 1050 
0.878099173553719 3825.0 1100.2367753870572 5.0 5.25 3050 
0.8938618925831202 3495.0 1106.4715083368626 4.75 5.0 3050 
-1 -1 -1 -1 -1 -1 
0.8303140096618358 1375.0 1129.9929621370954 5.0 5.0 3550 
0.5057803468208093 175.0 1149.756953656859 5.0 5.25 3050 
-1 -1 -1 -1 -1 -1 
0.9126413155190134 888.0 1159.1300491445304 5.0 5.25 3050 
0.835635359116022 3025.0 1180.5590031419533 5.0 5.25 3050 
-1 -1 -1 -1 -1 -1 
-1 -1 -1 -1 -1 -1 
-1 -1 -1 -1 -1 -1 
-1 -1 -1 -1 -1 -1 
-1 -1 -1 -1 -1 -1 
-1 -1 -1 -1 -1 -1 
0.8502415458937198 1584.0 1221.3475546831771 5.0 5.25 3050 
0.9002106371774619 3419.0 1225.7126123890453 5.0 5.25 3050 
0.8859649122807017 808.0 1233.2484277578087 5.0 5.25 3050 
0.8055555555555556 435.0 1261.3150993465526 5.0 5.25 3050 
0 103.0 1284.5680625242285 5.25 5.25 3550 
-1 -1 -1 -1 -1 -1 
0.9075288972196188 2905.0 1313.8827510336866 5.0 5.25 3050 
0.904447533009034 2603.0 1325.308 5.0 5.25 3050 
0 3.0 1328.3698450495679 7.0 0.0 800 
-1 -1 -1 -1 -1 -1 
0.963784021071115 4391.0 1341.9373359350316 5.0 5.25 3050 
0.9130536130536131 3917.0 1362.3015 5.0 5.25 3050 
0.8509628066473226 3226.0 1370.8581274374737 5.0 5.0 3550 
-1 -1 -1 -1 -1 -1 
0.8503649635036497 932.0 1381.2352512262191 5.0 5.25 3050 
-1 -1 -1 -1 -1 -1 
0 4.0 1387.7669101581237 9.0 7.5 2550 
0 4.0 1387.9552822586513 9.0 3.5 6050 
-1 -1 -1 -1 -1 -1 
-1 -1 -1 -1 -1 -1 
0.905191171899285 2912.0 1404.5860432931809 5.0 5.25 3050 
0.8582781456953642 1944.0 1417.1395609885099 5.0 5.25 3050 
0 150.0 1430.5014120407982 5.0 5.25 3550 
-1 -1 -1 -1 -1 -1 
0 6.0 1468.3594302526312 6.0 3.5 1550 
0 3.0 1475.1538479810888 3.75 6.5 1300 
-1 -1 -1 -1 -1 -1 
-1 -1 -1 -1 -1 -1 
0 28.0 1499.7076429621916 6.75 5.75 5800 
0 92.0 1500.3753710919764 4.75 5.25 2800 
0 6.0 1501.8824637807554 8.25 5.0 1800 
0.9520057306590258 1329.0 1507.238316421101 5.0 5.25 3050 
0.9332412523020258 2027.0 1509.259 5.0 5.25 3050 
-1 -1 -1 -1 -1 -1 
-1 -1 -1 -1 -1 -1 
0 356.0 1544.7351702872704 4.75 5.25 3050 
-1 -1 -1 -1 -1 -1 
0 7.0 1554.0080745749538 7.5 6.0 1300 
-1 -1 -1 -1 -1 -1 
0 3.0 1579.0017574164215 1.75 0.75 2050 
-1 -1 -1 -1 -1 -1 
0 4.0 1586.2777456527353 2.0 9.25 2050 
0 15.0 1587.999684821812 4.0 7.0 5550 
-1 -1 -1 -1 -1 -1 
0 6.0 1594.635131737401 7.75 2.5 3050 
-1 -1 -1 -1 -1 -1 
-1 -1 -1 -1 -1 -1 
-1 -1 -1 -1 -1 -1 
-1 -1 -1 -1 -1 -1 
0 8.0 1631.103770174398 5.5 0.25 2550 
-1 -1 -1 -1 -1 -1 
0 8.0 1633.2963515112058 7.75 2.75 4550 
-1 -1 -1 -1 -1 -1 
0.8029925187032418 644.0 1657.8139999999999 5.0 5.25 3050 
-1 -1 -1 -1 -1 -1 
0.9479528105482304 1366.0 1675.294 5.0 5.25 3050 
0.9317051108095884 4120.0 1695.752 5.0 5.25 3050 
0 10.0 1708.6286741701238 6.0 7.75 4550 
-1 -1 -1 -1 -1 -1 
-1 -1 -1 -1 -1 -1 
0 21.0 1715.6105661839015 7.25 7.75 800 
-1 -1 -1 -1 -1 -1 
0.9234504427306484 3233.0 1729.878000000001 5.0 5.25 3050 
0.8349106203995794 794.0 1735.79 5.0 5.25 3550 
-1 -1 -1 -1 -1 -1 
-1 -1 -1 -1 -1 -1 
-1 -1 -1 -1 -1 -1 
-1 -1 -1 -1 -1 -1 
0 6.0 1780.3744639475165 4.25 3.5 800 
-1 -1 -1 -1 -1 -1 
-1 -1 -1 -1 -1 -1 
-1 -1 -1 -1 -1 -1 
-1 -1 -1 -1 -1 -1 
0 6.0 1795.874939534166 1.5 3.5 800 
-1 -1 -1 -1 -1 -1 
-1 -1 -1 -1 -1 -1 
-1 -1 -1 -1 -1 -1 
0 3.0 1816.2008758343625 8.25 4.0 4800 
-1 -1 -1 -1 -1 -1 
0.8437358661239258 3731.0 1824.9200525339256 4.75 5.25 3050 
0 6.0 1833.832991320688 9.25 3.0 1050 
-1 -1 -1 -1 -1 -1 
-1 -1 -1 -1 -1 -1 
0.7699169486311904 2503.0 1863.999116537603 5.0 5.25 3050 
0 6.0 1877.5834149927387 5.75 7.75 1550 
0 7.0 1879.7646402322916 8.75 9.25 1300 
-1 -1 -1 -1 -1 -1 
0.8542413381123058 715.0 1902.7051574432924 5.0 5.25 3050 
0 10.0 1901.602605593927 7.25 2.5 3800 
-1 -1 -1 -1 -1 -1 
0 3.0 1909.3736627625765 8.25 7.0 4300 
0 2.0 1911.5817954654945 7.25 6.75 1550 
0 4.0 1914.2664999185045 8.75 6.75 3800 
-1 -1 -1 -1 -1 -1 
-1 -1 -1 -1 -1 -1 
-1 -1 -1 -1 -1 -1 
-1 -1 -1 -1 -1 -1 
0 6.0 1932.463248095737 7.25 7.75 1800 
0 4.0 1931.9330418581999 8.75 9.0 800 
-1 -1 -1 -1 -1 -1 
-1 -1 -1 -1 -1 -1 
0 6.0 1942.9666606108763 7.5 4.25 2300 
0 7.0 1943.1306711392194 9.0 6.75 2300 
0 6.0 1945.029782685432 6.75 9.0 1300 
-1 -1 -1 -1 -1 -1 
0 6.0 1949.7657792519099 5.75 9.25 2050 
-1 -1 -1 -1 -1 -1 
0.8481084133258047 1502.0 1965.6603663707315 4.75 5.25 3050 
0.9046806435884934 3711.0 1991.6687891073775 5.0 5.25 3050 
0.8636363636363636 1615.0 1997.923 5.0 5.0 3550 
0.913911620294599 2792.0 2000.77 5.0 5.25 3050 
0.8700195950359242 1332.0 2005.4738168431975 5.0 5.25 3050 
-1 -1 -1 -1 -1 -1 
-1 -1 -1 -1 -1 -1 
-1 -1 -1 -1 -1 -1 
0 6.0 2040.0768860585408 8.75 4.25 3550 
0.877539175856065 1512.0 2047.5835513431678 5.0 5.25 3050 
-1 -1 -1 -1 -1 -1 
0 7.0 2074.016098210825 7.75 7.5 800 
0 6.0 2074.6705610006507 6.75 6.25 1800 
0 7.0 2081.9519889235826 2.75 9.0 1800 
-1 -1 -1 -1 -1 -1 
0 10.0 2096.0913285602383 0.75 7.0 4050 
-1 -1 -1 -1 -1 -1 
-1 -1 -1 -1 -1 -1 
-1 -1 -1 -1 -1 -1 
-1 -1 -1 -1 -1 -1 
-1 -1 -1 -1 -1 -1 
0.9275227219762293 3980.0 2112.1344904827965 5.0 5.25 3050 
0.9400630914826499 894.0 2143.8636744413343 5.0 5.0 3550 
0 3.0 2163.9214255190377 7.25 4.75 5050 
0 14.0 2164.646176552332 4.0 6.5 2300 
0 15.0 2164.6639320884756 7.25 9.0 1050 
0 29.0 2169.5137563624266 5.25 5.25 3550 
0 3.0 2185.1764418187613 8.0 6.25 5050 
0 19.0 2192.268617252358 9.25 3.25 800 
0 10.0 2192.522106818381 7.5 9.25 800 
0 1.0 2193.6223490838656 7.25 0.5 2300 
0 10.0 2195.758015596847 4.75 6.5 2300 
0 30.0 2200.1075651662736 5.25 5.5 3050 
0.7275064267352185 283.0 2200.2663437068204 4.75 5.0 3050 
0.9464935064935065 3644.0 2211.9343016570365 5.0 5.25 3050 
0 113.0 2221.764518294716 5.0 5.25 3050 
0 265.0 2229.5491328390626 4.5 4.75 3550 
0.897180043383948 2068.0 2229.674798809523 5.0 5.0 3550 
0 29.0 2244.628640784723 4.5 4.0 3550 
0.8766233766233766 3240.0 2253.353668612024 5.0 5.0 3550 
0 6.0 2260.8866622760224 5.5 5.0 4050 
0.9391608391608391 4029.0 2295.4476091711763 5.0 5.25 3050 
0.9168791432942376 3596.0 2297.9335021693446 5.0 5.25 3050 
-1 -1 -1 -1 -1 -1 
0 6.0 2339.715592189531 4.75 9.25 5050 
0 6.0 2340.6790002441653 7.25 3.0 1300 
-1 -1 -1 -1 -1 -1 
-1 -1 -1 -1 -1 -1 
-1 -1 -1 -1 -1 -1 
-1 -1 -1 -1 -1 -1 
0 13.0 2351.1128569321404 6.5 5.25 3550 
0.9543080939947781 731.0 2359.4471752863865 5.0 5.25 3050 
-1 -1 -1 -1 -1 -1 
-1 -1 -1 -1 -1 -1 
-1 -1 -1 -1 -1 -1 
0 157.0 2380.6023236810884 4.5 4.75 3550 
0.9118190212373037 1975.0 2380.808 5.0 5.25 3050 
-1 -1 -1 -1 -1 -1 
-1 -1 -1 -1 -1 -1 
0 7.0 2396.871422738369 1.0 2.75 2050 
0 7.0 2398.7837153565674 4.75 5.0 5800 
0.901424287856072 2405.0 2402.8105 4.75 5.0 3050 
-1 -1 -1 -1 -1 -1 
-1 -1 -1 -1 -1 -1 
-1 -1 -1 -1 -1 -1 
0 7.0 2430.9274560018557 7.75 5.5 1300 
0 6.0 2433.364888482695 5.75 3.75 1050 
0.9326666666666666 1399.0 2460.213520359031 4.75 5.0 3050 
0.8746037337090525 2483.0 2463.1243016570365 5.0 5.25 3050 
0.8944378698224852 3779.0 2480.6728540311224 5.0 5.25 3050 
0.5449101796407185 1183.0 2489.69577318371 5.0 5.25 3050 
-1 -1 -1 -1 -1 -1 
-1 -1 -1 -1 -1 -1 
-1 -1 -1 -1 -1 -1 
0.9243986254295533 538.0 2514.8123782771227 5.0 5.25 3050 
0 71.0 2522.12107844619 5.25 5.25 3050 
0.8460336068776866 2165.0 2529.087 5.0 5.0 3550 
-1 -1 -1 -1 -1 -1 
-1 -1 -1 -1 -1 -1 
-1 -1 -1 -1 -1 -1 
0 10.0 2541.6683519416483 6.0 4.0 5050 
0 6.0 2542.438087869652 3.25 7.75 1550 
-1 -1 -1 -1 -1 -1 
-1 -1 -1 -1 -1 -1 
-1 -1 -1 -1 -1 -1 
0 5.0 2559.8301907064656 3.0 7.0 800 
-1 -1 -1 -1 -1 -1 
0.8263398421271292 1989.0 2568.320948991778 5.0 5.0 3550 
-1 -1 -1 -1 -1 -1 
-1 -1 -1 -1 -1 -1 
0 8.0 2603.021707801363 3.0 5.0 1300 
0 28.0 2606.0911824408117 5.25 5.25 2800 
0 2.0 2611.731097949787 1.75 8.75 1800 
0 4.0 2612.8108533319155 3.75 7.75 800 
0 8.0 2614.705302771012 6.75 5.75 4800 
-1 -1 -1 -1 -1 -1 
0 4.0 2626.3749849770606 9.25 5.75 800 
-1 -1 -1 -1 -1 -1 
0 2.0 2629.97924023504 0.0 6.25 800 
0 6.0 2636.2292755262224 5.25 5.75 4800 
0 9.0 2636.462210709881 3.25 8.0 800 
0.9269561284486658 4099.0 2653.548260039055 5.0 5.25 3050 
0.933100233100233 4003.0 2660.944920722386 5.0 5.25 3050 
0 39.0 2665.0024150952304 6.75 4.5 4800 
-1 -1 -1 -1 -1 -1 
-1 -1 -1 -1 -1 -1 
-1 -1 -1 -1 -1 -1 
-1 -1 -1 -1 -1 -1 
-1 -1 -1 -1 -1 -1 
0 6.0 2707.663205626589 1.0 5.0 3800 
0.8969072164948454 1914.0 2712.6995017272693 5.0 5.25 3050 
-1 -1 -1 -1 -1 -1 
0.9131341209173037 2628.0 2727.0675111579035 5.0 5.25 3050 
0.8587022437841115 1416.0 2738.124701335665 5.0 5.25 3050 
0.9441860465116279 406.0 2748.958913208429 5.0 5.25 3050 
-1 -1 -1 -1 -1 -1 
0 6.0 2773.953241996426 6.0 8.0 4550 
-1 -1 -1 -1 -1 -1 
0.8983957219251337 2520.0 2779.9750851605 5.0 5.25 3550 
-1 -1 -1 -1 -1 -1 
0 11.0 2799.29260744394 7.25 8.25 1050 
0.8768703241895262 2813.0 2807.7677821423085 4.75 5.25 3050 
0 3.0 2818.8953845369306 3.75 9.0 800 
-1 -1 -1 -1 -1 -1 
-1 -1 -1 -1 -1 -1 
-1 -1 -1 -1 -1 -1 
0 3.0 2839.00577161185 6.75 8.0 2800 
0 13.0 2842.675545377498 6.25 4.75 1050 
-1 -1 -1 -1 -1 -1 
-1 -1 -1 -1 -1 -1 
0.8844884488448845 1072.0 2853.968086451517 5.0 5.25 3050 
-1 -1 -1 -1 -1 -1 
0 205.0 2874.901782616266 5.0 5.25 3050 
-1 -1 -1 -1 -1 -1 
-1 -1 -1 -1 -1 -1 
-1 -1 -1 -1 -1 -1 
-1 -1 -1 -1 -1 -1 
-1 -1 -1 -1 -1 -1 
0 3.0 2895.7939316661186 9.0 5.75 1050 
0 27.0 2901.2383502787625 5.0 5.25 3050 
0.8444444444444444 342.0 2912.187947142492 4.75 5.25 3050 
0.8784313725490196 448.0 2913.8807592330086 4.75 5.25 3050 
0.9151515151515152 3926.0 2929.8075 5.0 5.25 3050 
0.9281984334203656 711.0 2935.374054708971 5.0 5.25 3050 
0 6.0 2939.0553715976903 8.25 4.75 5800 
-1 -1 -1 -1 -1 -1 
0 5.0 2945.6072718014857 7.75 1.5 1800 
0 8.0 2946.5457098352126 8.25 5.5 2300 
-1 -1 -1 -1 -1 -1 
-1 -1 -1 -1 -1 -1 
0 6.0 2959.378952262579 7.0 8.75 3800 
-1 -1 -1 -1 -1 -1 
-1 -1 -1 -1 -1 -1 
-1 -1 -1 -1 -1 -1 
-1 -1 -1 -1 -1 -1 
0 2.0 2970.272074537984 4.25 5.25 800 
-1 -1 -1 -1 -1 -1 
-1 -1 -1 -1 -1 -1 
-1 -1 -1 -1 -1 -1 
0 15.0 2978.882286462509 5.5 5.0 2800 
-1 -1 -1 -1 -1 -1 
-1 -1 -1 -1 -1 -1 
0 28.0 2989.512982469412 5.5 6.25 2800 
0.8351851851851851 451.0 2989.8455555436726 5.0 5.25 3050 
-1 -1 -1 -1 -1 -1 
0 5.0 2997.653148933059 4.0 7.75 6050 
-1 -1 -1 -1 -1 -1 
0 7.0 3006.386563497949 6.25 6.5 1300 
-1 -1 -1 -1 -1 -1 
0.8764044943820225 702.0 3014.539129806381 5.0 5.25 3050 
-1 -1 -1 -1 -1 -1 
0.899194847020934 2792.0 3054.7138319503038 5.0 5.25 3050 
0.8866968808317782 3326.0 3058.614546940797 5.0 5.25 3550 
0 6.0 3074.771185469909 5.5 6.75 5300 
0.9258589511754068 2560.0 3092.6214999999997 5.25 5.25 3550 
0.8916761687571265 2346.0 3101.160541999789 5.0 5.25 3050 
-1 -1 -1 -1 -1 -1 
0 26.0 3135.2678384030355 6.75 3.75 1050 
0 10.0 3135.375780697754 6.25 6.0 5800 
0 15.0 3149.8337370826757 6.0 3.0 4300 
-1 -1 -1 -1 -1 -1 
-1 -1 -1 -1 -1 -1 
-1 -1 -1 -1 -1 -1 
-1 -1 -1 -1 -1 -1 
-1 -1 -1 -1 -1 -1 
-1 -1 -1 -1 -1 -1 
0 76.0 3212.8620466091043 5.0 5.25 3050 
0.9400757406994876 4220.0 3233.826 5.25 5.25 3550 
-1 -1 -1 -1 -1 -1 
0 311.0 3258.059781970306 4.75 5.0 3050 
0 6.0 3258.856488669475 7.0 2.5 1800 
-1 -1 -1 -1 -1 -1 
-1 -1 -1 -1 -1 -1 
-1 -1 -1 -1 -1 -1 
-1 -1 -1 -1 -1 -1 
0.9343396226415094 3714.0 3304.535074039387 5.0 5.25 3050 
-1 -1 -1 -1 -1 -1 
-1 -1 -1 -1 -1 -1 
-1 -1 -1 -1 -1 -1 
0.8878822197055493 784.0 3337.0091366126444 4.75 5.0 3050 
0.926491646778043 1941.0 3343.5585 5.0 5.25 3050 
0 270.0 3354.702958156676 5.0 5.0 3550 
0.8763594733829422 1531.0 3360.056746705308 5.0 5.25 3050 
0.9415024630541872 1529.0 3361.5793117644844 4.75 5.0 3050 
-1 -1 -1 -1 -1 -1 
-1 -1 -1 -1 -1 -1 
0 412.0 3372.9655298608054 5.0 5.0 3550 
0 66.0 3380.8510786543793 5.0 5.0 3550 
0.5426048565121413 1229.0 3384.403453780033 5.0 5.25 3550 
0.8662404092071612 3387.0 3392.4809999999998 5.0 5.0 3550 
0 6.0 3418.5599858517744 6.5 5.5 5550 
-1 -1 -1 -1 -1 -1 
-1 -1 -1 -1 -1 -1 
-1 -1 -1 -1 -1 -1 
-1 -1 -1 -1 -1 -1 
-1 -1 -1 -1 -1 -1 
-1 -1 -1 -1 -1 -1 
-1 -1 -1 -1 -1 -1 
-1 -1 -1 -1 -1 -1 
-1 -1 -1 -1 -1 -1 
0.8803156510302499 2008.0 3472.852449386004 4.75 5.25 3050 
0.8683747802059784 3457.0 3480.4393798008045 5.0 5.25 3550 
0 241.0 3492.6002512873324 5.0 5.25 3050 
-1 -1 -1 -1 -1 -1 
-1 -1 -1 -1 -1 -1 
-1 -1 -1 -1 -1 -1 
0.9110251450676983 1413.0 3516.3854797040467 5.0 5.25 3050 
0.917098445595855 1062.0 3529.923688822391 5.0 5.25 3050 
0.9550045913682277 4160.0 3540.504689842088 5.0 5.25 3050 
-1 -1 -1 -1 -1 -1 
0 172.0 3561.2021338460313 4.75 5.0 3550 
0.9515593895155939 1434.0 3580.297196844913 5.0 5.0 3550 
